1:{(1,1) ; (2,3) ; (3,6) ; (4,8) ; (5,2) ; (6,4) ; (7,9) ; (8,7) ; (8,7)}
2:{(1,1) ; (2,3) ; (3,7) ; (4,2) ; (5,8) ; (6,5) ; (7,9) ; (8,4) ; (8,4)}
3:{(1,1) ; (2,3) ; (3,8) ; (4,6) ; (5,9) ; (6,2) ; (7,5) ; (8,7) ; (8,7)}
4:{(1,1) ; (2,4) ; (3,2) ; (4,8) ; (5,6) ; (6,9) ; (7,3) ; (8,5) ; (8,5)}
5:{(1,1) ; (2,4) ; (3,6) ; (4,3) ; (5,9) ; (6,2) ; (7,8) ; (8,5) ; (8,5)}
6:{(1,1) ; (2,4) ; (3,6) ; (4,8) ; (5,2) ; (6,5) ; (7,3) ; (8,9) ; (8,9)}
7:{(1,1) ; (2,4) ; (3,7) ; (4,3) ; (5,8) ; (6,2) ; (7,5) ; (8,9) ; (8,9)}
8:{(1,1) ; (2,4) ; (3,7) ; (4,9) ; (5,2) ; (6,5) ; (7,8) ; (8,6) ; (8,6)}
9:{(1,1) ; (2,4) ; (3,8) ; (4,3) ; (5,9) ; (6,7) ; (7,5) ; (8,2) ; (8,2)}
10:{(1,1) ; (2,5) ; (3,2) ; (4,6) ; (5,9) ; (6,3) ; (7,8) ; (8,4) ; (8,4)}
11:{(1,1) ; (2,5) ; (3,7) ; (4,2) ; (5,6) ; (6,3) ; (7,9) ; (8,4) ; (8,4)}
12:{(1,1) ; (2,5) ; (3,7) ; (4,9) ; (5,3) ; (6,8) ; (7,2) ; (8,4) ; (8,4)}
13:{(1,1) ; (2,5) ; (3,7) ; (4,9) ; (5,4) ; (6,2) ; (7,8) ; (8,6) ; (8,6)}
14:{(1,1) ; (2,5) ; (3,9) ; (4,2) ; (5,6) ; (6,8) ; (7,3) ; (8,7) ; (8,7)}
15:{(1,1) ; (2,5) ; (3,9) ; (4,6) ; (5,4) ; (6,2) ; (7,8) ; (8,3) ; (8,3)}
16:{(1,1) ; (2,6) ; (3,2) ; (4,9) ; (5,7) ; (6,4) ; (7,8) ; (8,3) ; (8,3)}
17:{(1,1) ; (2,6) ; (3,4) ; (4,2) ; (5,7) ; (6,9) ; (7,3) ; (8,5) ; (8,5)}
18:{(1,1) ; (2,6) ; (3,4) ; (4,2) ; (5,8) ; (6,3) ; (7,9) ; (8,7) ; (8,7)}
19:{(1,1) ; (2,6) ; (3,8) ; (4,3) ; (5,7) ; (6,4) ; (7,2) ; (8,9) ; (8,9)}
20:{(1,1) ; (2,6) ; (3,8) ; (4,5) ; (5,2) ; (6,4) ; (7,9) ; (8,7) ; (8,7)}
21:{(1,1) ; (2,6) ; (3,9) ; (4,5) ; (5,2) ; (6,8) ; (7,3) ; (8,7) ; (8,7)}
22:{(1,1) ; (2,7) ; (3,4) ; (4,6) ; (5,9) ; (6,2) ; (7,5) ; (8,3) ; (8,3)}
23:{(1,1) ; (2,7) ; (3,4) ; (4,8) ; (5,3) ; (6,5) ; (7,9) ; (8,2) ; (8,2)}
24:{(1,1) ; (2,7) ; (3,4) ; (4,8) ; (5,3) ; (6,9) ; (7,6) ; (8,2) ; (8,2)}
25:{(1,1) ; (2,7) ; (3,5) ; (4,8) ; (5,2) ; (6,9) ; (7,3) ; (8,6) ; (8,6)}
26:{(1,1) ; (2,8) ; (3,4) ; (4,2) ; (5,7) ; (6,9) ; (7,6) ; (8,3) ; (8,3)}
27:{(1,1) ; (2,8) ; (3,5) ; (4,3) ; (5,6) ; (6,9) ; (7,2) ; (8,4) ; (8,4)}
28:{(1,1) ; (2,8) ; (3,5) ; (4,3) ; (5,9) ; (6,7) ; (7,2) ; (8,4) ; (8,4)}
29:{(1,2) ; (2,4) ; (3,1) ; (4,7) ; (5,9) ; (6,6) ; (7,3) ; (8,5) ; (8,5)}
30:{(1,2) ; (2,4) ; (3,7) ; (4,1) ; (5,3) ; (6,9) ; (7,6) ; (8,8) ; (8,8)}
31:{(1,2) ; (2,4) ; (3,8) ; (4,3) ; (5,9) ; (6,6) ; (7,1) ; (8,5) ; (8,5)}
32:{(1,2) ; (2,4) ; (3,9) ; (4,7) ; (5,3) ; (6,1) ; (7,6) ; (8,8) ; (8,8)}
33:{(1,2) ; (2,4) ; (3,9) ; (4,7) ; (5,5) ; (6,3) ; (7,1) ; (8,6) ; (8,6)}
34:{(1,2) ; (2,5) ; (3,7) ; (4,1) ; (5,3) ; (6,8) ; (7,6) ; (8,4) ; (8,4)}
35:{(1,2) ; (2,5) ; (3,7) ; (4,4) ; (5,1) ; (6,3) ; (7,9) ; (8,6) ; (8,6)}
36:{(1,2) ; (2,5) ; (3,7) ; (4,9) ; (5,3) ; (6,6) ; (7,4) ; (8,1) ; (8,1)}
37:{(1,2) ; (2,5) ; (3,7) ; (4,9) ; (5,4) ; (6,8) ; (7,1) ; (8,3) ; (8,3)}
38:{(1,2) ; (2,5) ; (3,8) ; (4,1) ; (5,3) ; (6,6) ; (7,9) ; (8,7) ; (8,7)}
39:{(1,2) ; (2,5) ; (3,8) ; (4,1) ; (5,9) ; (6,6) ; (7,3) ; (8,7) ; (8,7)}
40:{(1,2) ; (2,5) ; (3,8) ; (4,6) ; (5,9) ; (6,3) ; (7,1) ; (8,4) ; (8,4)}
41:{(1,2) ; (2,5) ; (3,8) ; (4,6) ; (5,9) ; (6,3) ; (7,1) ; (8,7) ; (8,7)}
42:{(1,2) ; (2,5) ; (3,9) ; (4,4) ; (5,1) ; (6,8) ; (7,6) ; (8,3) ; (8,3)}
43:{(1,2) ; (2,6) ; (3,1) ; (4,3) ; (5,7) ; (6,9) ; (7,4) ; (8,8) ; (8,8)}
44:{(1,2) ; (2,6) ; (3,1) ; (4,7) ; (5,4) ; (6,8) ; (7,3) ; (8,5) ; (8,5)}
45:{(1,2) ; (2,6) ; (3,1) ; (4,7) ; (5,5) ; (6,3) ; (7,9) ; (8,4) ; (8,4)}
46:{(1,2) ; (2,6) ; (3,1) ; (4,9) ; (5,5) ; (6,8) ; (7,4) ; (8,7) ; (8,7)}
47:{(1,2) ; (2,6) ; (3,3) ; (4,1) ; (5,8) ; (6,4) ; (7,9) ; (8,7) ; (8,7)}
48:{(1,2) ; (2,6) ; (3,9) ; (4,3) ; (5,5) ; (6,8) ; (7,4) ; (8,1) ; (8,1)}
49:{(1,2) ; (2,7) ; (3,5) ; (4,1) ; (5,9) ; (6,4) ; (7,6) ; (8,8) ; (8,8)}
50:{(1,2) ; (2,7) ; (3,5) ; (4,8) ; (5,1) ; (6,4) ; (7,6) ; (8,3) ; (8,3)}
51:{(1,2) ; (2,7) ; (3,9) ; (4,6) ; (5,3) ; (6,1) ; (7,4) ; (8,8) ; (8,8)}
52:{(1,2) ; (2,8) ; (3,1) ; (4,4) ; (5,7) ; (6,9) ; (7,6) ; (8,3) ; (8,3)}
53:{(1,2) ; (2,8) ; (3,5) ; (4,3) ; (5,9) ; (6,6) ; (7,4) ; (8,1) ; (8,1)}
54:{(1,2) ; (2,8) ; (3,6) ; (4,9) ; (5,3) ; (6,1) ; (7,4) ; (8,7) ; (8,7)}
55:{(1,2) ; (2,9) ; (3,5) ; (4,3) ; (5,8) ; (6,4) ; (7,7) ; (8,1) ; (8,1)}
56:{(1,2) ; (2,9) ; (3,6) ; (4,3) ; (5,5) ; (6,8) ; (7,1) ; (8,4) ; (8,4)}
57:{(1,2) ; (2,9) ; (3,6) ; (4,3) ; (5,7) ; (6,4) ; (7,1) ; (8,8) ; (8,8)}
58:{(1,2) ; (2,9) ; (3,6) ; (4,4) ; (5,7) ; (6,1) ; (7,3) ; (8,5) ; (8,5)}
59:{(1,3) ; (2,1) ; (3,4) ; (4,7) ; (5,9) ; (6,2) ; (7,5) ; (8,8) ; (8,8)}
60:{(1,3) ; (2,1) ; (3,6) ; (4,8) ; (5,5) ; (6,2) ; (7,4) ; (8,9) ; (8,9)}
61:{(1,3) ; (2,1) ; (3,7) ; (4,2) ; (5,8) ; (6,6) ; (7,4) ; (8,9) ; (8,9)}
62:{(1,3) ; (2,1) ; (3,7) ; (4,5) ; (5,8) ; (6,2) ; (7,4) ; (8,6) ; (8,6)}
63:{(1,3) ; (2,1) ; (3,8) ; (4,4) ; (5,9) ; (6,7) ; (7,5) ; (8,2) ; (8,2)}
64:{(1,3) ; (2,1) ; (3,9) ; (4,7) ; (5,5) ; (6,2) ; (7,8) ; (8,6) ; (8,6)}
65:{(1,3) ; (2,5) ; (3,2) ; (4,8) ; (5,1) ; (6,4) ; (7,7) ; (8,9) ; (8,9)}
66:{(1,3) ; (2,5) ; (3,2) ; (4,8) ; (5,1) ; (6,7) ; (7,4) ; (8,6) ; (8,6)}
67:{(1,3) ; (2,5) ; (3,7) ; (4,1) ; (5,4) ; (6,2) ; (7,8) ; (8,6) ; (8,6)}
68:{(1,3) ; (2,5) ; (3,8) ; (4,2) ; (5,9) ; (6,6) ; (7,1) ; (8,7) ; (8,7)}
69:{(1,3) ; (2,5) ; (3,8) ; (4,2) ; (5,9) ; (6,7) ; (7,1) ; (8,4) ; (8,4)}
70:{(1,3) ; (2,5) ; (3,9) ; (4,2) ; (5,4) ; (6,7) ; (7,1) ; (8,8) ; (8,8)}
71:{(1,3) ; (2,5) ; (3,9) ; (4,4) ; (5,1) ; (6,7) ; (7,2) ; (8,6) ; (8,6)}
72:{(1,3) ; (2,6) ; (3,2) ; (4,7) ; (5,1) ; (6,4) ; (7,8) ; (8,5) ; (8,5)}
73:{(1,3) ; (2,6) ; (3,2) ; (4,9) ; (5,5) ; (6,1) ; (7,8) ; (8,4) ; (8,4)}
74:{(1,3) ; (2,6) ; (3,8) ; (4,1) ; (5,4) ; (6,7) ; (7,5) ; (8,2) ; (8,2)}
75:{(1,3) ; (2,6) ; (3,8) ; (4,1) ; (5,5) ; (6,9) ; (7,2) ; (8,4) ; (8,4)}
76:{(1,3) ; (2,6) ; (3,8) ; (4,2) ; (5,4) ; (6,9) ; (7,7) ; (8,5) ; (8,5)}
77:{(1,3) ; (2,6) ; (3,8) ; (4,5) ; (5,1) ; (6,9) ; (7,7) ; (8,2) ; (8,2)}
78:{(1,3) ; (2,6) ; (3,8) ; (4,5) ; (5,2) ; (6,9) ; (7,7) ; (8,4) ; (8,4)}
79:{(1,3) ; (2,6) ; (3,9) ; (4,1) ; (5,8) ; (6,4) ; (7,2) ; (8,7) ; (8,7)}
80:{(1,3) ; (2,6) ; (3,9) ; (4,2) ; (5,5) ; (6,7) ; (7,4) ; (8,1) ; (8,1)}
81:{(1,3) ; (2,6) ; (3,9) ; (4,2) ; (5,8) ; (6,1) ; (7,4) ; (8,7) ; (8,7)}
82:{(1,3) ; (2,6) ; (3,9) ; (4,5) ; (5,8) ; (6,1) ; (7,4) ; (8,2) ; (8,2)}
83:{(1,3) ; (2,6) ; (3,9) ; (4,7) ; (5,1) ; (6,4) ; (7,2) ; (8,5) ; (8,5)}
84:{(1,3) ; (2,6) ; (3,9) ; (4,7) ; (5,2) ; (6,4) ; (7,8) ; (8,1) ; (8,1)}
85:{(1,3) ; (2,6) ; (3,9) ; (4,7) ; (5,4) ; (6,1) ; (7,8) ; (8,2) ; (8,2)}
86:{(1,3) ; (2,7) ; (3,2) ; (4,4) ; (5,8) ; (6,1) ; (7,5) ; (8,9) ; (8,9)}
87:{(1,3) ; (2,7) ; (3,2) ; (4,8) ; (5,5) ; (6,9) ; (7,1) ; (8,6) ; (8,6)}
88:{(1,3) ; (2,7) ; (3,2) ; (4,8) ; (5,6) ; (6,4) ; (7,1) ; (8,5) ; (8,5)}
89:{(1,3) ; (2,7) ; (3,4) ; (4,2) ; (5,9) ; (6,5) ; (7,1) ; (8,8) ; (8,8)}
90:{(1,3) ; (2,7) ; (3,4) ; (4,2) ; (5,9) ; (6,6) ; (7,1) ; (8,5) ; (8,5)}
91:{(1,3) ; (2,7) ; (3,4) ; (4,8) ; (5,5) ; (6,9) ; (7,1) ; (8,6) ; (8,6)}
92:{(1,3) ; (2,7) ; (3,9) ; (4,1) ; (5,5) ; (6,2) ; (7,8) ; (8,6) ; (8,6)}
93:{(1,3) ; (2,7) ; (3,9) ; (4,4) ; (5,2) ; (6,5) ; (7,8) ; (8,6) ; (8,6)}
94:{(1,3) ; (2,8) ; (3,2) ; (4,4) ; (5,9) ; (6,7) ; (7,5) ; (8,1) ; (8,1)}
95:{(1,3) ; (2,8) ; (3,4) ; (4,7) ; (5,9) ; (6,2) ; (7,5) ; (8,1) ; (8,1)}
96:{(1,3) ; (2,8) ; (3,6) ; (4,1) ; (5,9) ; (6,2) ; (7,5) ; (8,7) ; (8,7)}
97:{(1,3) ; (2,8) ; (3,6) ; (4,4) ; (5,9) ; (6,1) ; (7,5) ; (8,7) ; (8,7)}
98:{(1,3) ; (2,8) ; (3,6) ; (4,9) ; (5,2) ; (6,5) ; (7,1) ; (8,4) ; (8,4)}
99:{(1,3) ; (2,9) ; (3,2) ; (4,5) ; (5,8) ; (6,1) ; (7,7) ; (8,4) ; (8,4)}
100:{(1,3) ; (2,9) ; (3,4) ; (4,1) ; (5,8) ; (6,6) ; (7,2) ; (8,7) ; (8,7)}
101:{(1,3) ; (2,9) ; (3,4) ; (4,2) ; (5,8) ; (6,6) ; (7,1) ; (8,7) ; (8,7)}
102:{(1,3) ; (2,9) ; (3,4) ; (4,8) ; (5,5) ; (6,2) ; (7,6) ; (8,1) ; (8,1)}
103:{(1,3) ; (2,9) ; (3,6) ; (4,2) ; (5,5) ; (6,7) ; (7,1) ; (8,4) ; (8,4)}
104:{(1,3) ; (2,9) ; (3,6) ; (4,4) ; (5,1) ; (6,7) ; (7,5) ; (8,2) ; (8,2)}
105:{(1,3) ; (2,9) ; (3,6) ; (4,8) ; (5,2) ; (6,4) ; (7,1) ; (8,7) ; (8,7)}
106:{(1,4) ; (2,1) ; (3,3) ; (4,6) ; (5,9) ; (6,2) ; (7,8) ; (8,5) ; (8,5)}
107:{(1,4) ; (2,1) ; (3,5) ; (4,2) ; (5,9) ; (6,7) ; (7,3) ; (8,8) ; (8,8)}
108:{(1,4) ; (2,1) ; (3,5) ; (4,8) ; (5,2) ; (6,7) ; (7,3) ; (8,6) ; (8,6)}
109:{(1,4) ; (2,1) ; (3,5) ; (4,9) ; (5,2) ; (6,6) ; (7,8) ; (8,3) ; (8,3)}
110:{(1,4) ; (2,1) ; (3,7) ; (4,9) ; (5,2) ; (6,6) ; (7,8) ; (8,3) ; (8,3)}
111:{(1,4) ; (2,1) ; (3,9) ; (4,6) ; (5,3) ; (6,7) ; (7,2) ; (8,8) ; (8,8)}
112:{(1,4) ; (2,2) ; (3,5) ; (4,8) ; (5,1) ; (6,3) ; (7,6) ; (8,9) ; (8,9)}
113:{(1,4) ; (2,2) ; (3,7) ; (4,3) ; (5,1) ; (6,8) ; (7,5) ; (8,9) ; (8,9)}
114:{(1,4) ; (2,2) ; (3,7) ; (4,9) ; (5,1) ; (6,5) ; (7,8) ; (8,6) ; (8,6)}
115:{(1,4) ; (2,2) ; (3,7) ; (4,9) ; (5,1) ; (6,8) ; (7,5) ; (8,3) ; (8,3)}
116:{(1,4) ; (2,2) ; (3,8) ; (4,3) ; (5,9) ; (6,7) ; (7,5) ; (8,1) ; (8,1)}
117:{(1,4) ; (2,2) ; (3,9) ; (4,3) ; (5,6) ; (6,8) ; (7,1) ; (8,5) ; (8,5)}
118:{(1,4) ; (2,2) ; (3,9) ; (4,5) ; (5,1) ; (6,8) ; (7,6) ; (8,3) ; (8,3)}
119:{(1,4) ; (2,6) ; (3,1) ; (4,5) ; (5,2) ; (6,8) ; (7,3) ; (8,7) ; (8,7)}
120:{(1,4) ; (2,6) ; (3,1) ; (4,9) ; (5,5) ; (6,8) ; (7,2) ; (8,7) ; (8,7)}
121:{(1,4) ; (2,6) ; (3,1) ; (4,9) ; (5,7) ; (6,3) ; (7,8) ; (8,2) ; (8,2)}
122:{(1,4) ; (2,6) ; (3,3) ; (4,9) ; (5,2) ; (6,5) ; (7,8) ; (8,1) ; (8,1)}
123:{(1,4) ; (2,6) ; (3,3) ; (4,9) ; (5,2) ; (6,8) ; (7,5) ; (8,7) ; (8,7)}
124:{(1,4) ; (2,6) ; (3,3) ; (4,9) ; (5,7) ; (6,1) ; (7,8) ; (8,2) ; (8,2)}
125:{(1,4) ; (2,6) ; (3,8) ; (4,2) ; (5,5) ; (6,1) ; (7,9) ; (8,7) ; (8,7)}
126:{(1,4) ; (2,6) ; (3,8) ; (4,2) ; (5,5) ; (6,7) ; (7,9) ; (8,1) ; (8,1)}
127:{(1,4) ; (2,6) ; (3,8) ; (4,2) ; (5,7) ; (6,1) ; (7,3) ; (8,5) ; (8,5)}
128:{(1,4) ; (2,6) ; (3,8) ; (4,3) ; (5,1) ; (6,7) ; (7,5) ; (8,2) ; (8,2)}
129:{(1,4) ; (2,6) ; (3,9) ; (4,3) ; (5,1) ; (6,8) ; (7,2) ; (8,5) ; (8,5)}
130:{(1,4) ; (2,7) ; (3,1) ; (4,3) ; (5,9) ; (6,6) ; (7,8) ; (8,5) ; (8,5)}
131:{(1,4) ; (2,7) ; (3,1) ; (4,6) ; (5,9) ; (6,2) ; (7,8) ; (8,5) ; (8,5)}
132:{(1,4) ; (2,7) ; (3,1) ; (4,8) ; (5,5) ; (6,2) ; (7,9) ; (8,3) ; (8,3)}
133:{(1,4) ; (2,7) ; (3,3) ; (4,6) ; (5,9) ; (6,1) ; (7,8) ; (8,5) ; (8,5)}
134:{(1,4) ; (2,7) ; (3,3) ; (4,8) ; (5,2) ; (6,5) ; (7,9) ; (8,6) ; (8,6)}
135:{(1,4) ; (2,7) ; (3,3) ; (4,8) ; (5,6) ; (6,1) ; (7,9) ; (8,2) ; (8,2)}
136:{(1,4) ; (2,7) ; (3,3) ; (4,8) ; (5,6) ; (6,2) ; (7,9) ; (8,5) ; (8,5)}
137:{(1,4) ; (2,7) ; (3,5) ; (4,2) ; (5,9) ; (6,1) ; (7,3) ; (8,8) ; (8,8)}
138:{(1,4) ; (2,7) ; (3,5) ; (4,2) ; (5,9) ; (6,1) ; (7,6) ; (8,8) ; (8,8)}
139:{(1,4) ; (2,7) ; (3,5) ; (4,2) ; (5,9) ; (6,6) ; (7,8) ; (8,3) ; (8,3)}
140:{(1,4) ; (2,7) ; (3,9) ; (4,2) ; (5,5) ; (6,8) ; (7,1) ; (8,3) ; (8,3)}
141:{(1,4) ; (2,7) ; (3,9) ; (4,2) ; (5,6) ; (6,1) ; (7,3) ; (8,5) ; (8,5)}
142:{(1,4) ; (2,7) ; (3,9) ; (4,6) ; (5,3) ; (6,1) ; (7,8) ; (8,5) ; (8,5)}
143:{(1,4) ; (2,8) ; (3,1) ; (4,5) ; (5,7) ; (6,2) ; (7,6) ; (8,3) ; (8,3)}
144:{(1,4) ; (2,8) ; (3,5) ; (4,3) ; (5,1) ; (6,6) ; (7,2) ; (8,9) ; (8,9)}
145:{(1,4) ; (2,8) ; (3,5) ; (4,3) ; (5,1) ; (6,7) ; (7,2) ; (8,6) ; (8,6)}
146:{(1,4) ; (2,9) ; (3,3) ; (4,6) ; (5,2) ; (6,7) ; (7,5) ; (8,1) ; (8,1)}
147:{(1,4) ; (2,9) ; (3,5) ; (4,3) ; (5,1) ; (6,6) ; (7,8) ; (8,2) ; (8,2)}
148:{(1,4) ; (2,9) ; (3,5) ; (4,3) ; (5,1) ; (6,7) ; (7,2) ; (8,8) ; (8,8)}
149:{(1,4) ; (2,9) ; (3,5) ; (4,8) ; (5,1) ; (6,3) ; (7,6) ; (8,2) ; (8,2)}
150:{(1,5) ; (2,1) ; (3,6) ; (4,4) ; (5,2) ; (6,8) ; (7,3) ; (8,9) ; (8,9)}
151:{(1,5) ; (2,1) ; (3,8) ; (4,4) ; (5,2) ; (6,7) ; (7,9) ; (8,6) ; (8,6)}
152:{(1,5) ; (2,1) ; (3,8) ; (4,6) ; (5,3) ; (6,7) ; (7,2) ; (8,4) ; (8,4)}
153:{(1,5) ; (2,2) ; (3,4) ; (4,1) ; (5,7) ; (6,9) ; (7,3) ; (8,6) ; (8,6)}
154:{(1,5) ; (2,2) ; (3,4) ; (4,9) ; (5,7) ; (6,3) ; (7,1) ; (8,6) ; (8,6)}
155:{(1,5) ; (2,2) ; (3,6) ; (4,1) ; (5,3) ; (6,7) ; (7,9) ; (8,4) ; (8,4)}
156:{(1,5) ; (2,2) ; (3,6) ; (4,9) ; (5,3) ; (6,8) ; (7,4) ; (8,7) ; (8,7)}
157:{(1,5) ; (2,2) ; (3,6) ; (4,9) ; (5,7) ; (6,4) ; (7,1) ; (8,3) ; (8,3)}
158:{(1,5) ; (2,2) ; (3,8) ; (4,1) ; (5,4) ; (6,7) ; (7,9) ; (8,6) ; (8,6)}
159:{(1,5) ; (2,2) ; (3,8) ; (4,1) ; (5,7) ; (6,9) ; (7,3) ; (8,6) ; (8,6)}
160:{(1,5) ; (2,2) ; (3,8) ; (4,3) ; (5,7) ; (6,4) ; (7,1) ; (8,9) ; (8,9)}
161:{(1,5) ; (2,2) ; (3,8) ; (4,3) ; (5,7) ; (6,9) ; (7,1) ; (8,6) ; (8,6)}
162:{(1,5) ; (2,2) ; (3,9) ; (4,1) ; (5,6) ; (6,8) ; (7,3) ; (8,7) ; (8,7)}
163:{(1,5) ; (2,2) ; (3,9) ; (4,6) ; (5,3) ; (6,7) ; (7,4) ; (8,1) ; (8,1)}
164:{(1,5) ; (2,3) ; (3,1) ; (4,6) ; (5,2) ; (6,9) ; (7,7) ; (8,4) ; (8,4)}
165:{(1,5) ; (2,3) ; (3,1) ; (4,6) ; (5,8) ; (6,2) ; (7,4) ; (8,7) ; (8,7)}
166:{(1,5) ; (2,3) ; (3,1) ; (4,7) ; (5,2) ; (6,8) ; (7,6) ; (8,4) ; (8,4)}
167:{(1,5) ; (2,3) ; (3,6) ; (4,9) ; (5,2) ; (6,8) ; (7,1) ; (8,4) ; (8,4)}
168:{(1,5) ; (2,3) ; (3,6) ; (4,9) ; (5,7) ; (6,1) ; (7,4) ; (8,2) ; (8,2)}
169:{(1,5) ; (2,3) ; (3,6) ; (4,9) ; (5,7) ; (6,2) ; (7,4) ; (8,8) ; (8,8)}
170:{(1,5) ; (2,3) ; (3,6) ; (4,9) ; (5,7) ; (6,4) ; (7,1) ; (8,8) ; (8,8)}
171:{(1,5) ; (2,3) ; (3,8) ; (4,4) ; (5,2) ; (6,9) ; (7,6) ; (8,1) ; (8,1)}
172:{(1,5) ; (2,3) ; (3,8) ; (4,4) ; (5,7) ; (6,9) ; (7,2) ; (8,6) ; (8,6)}
173:{(1,5) ; (2,3) ; (3,8) ; (4,6) ; (5,2) ; (6,9) ; (7,1) ; (8,4) ; (8,4)}
174:{(1,5) ; (2,3) ; (3,8) ; (4,6) ; (5,2) ; (6,9) ; (7,7) ; (8,1) ; (8,1)}
175:{(1,5) ; (2,3) ; (3,9) ; (4,4) ; (5,2) ; (6,8) ; (7,6) ; (8,1) ; (8,1)}
176:{(1,5) ; (2,3) ; (3,9) ; (4,6) ; (5,8) ; (6,2) ; (7,4) ; (8,1) ; (8,1)}
177:{(1,5) ; (2,7) ; (3,1) ; (4,4) ; (5,2) ; (6,8) ; (7,6) ; (8,9) ; (8,9)}
178:{(1,5) ; (2,7) ; (3,1) ; (4,6) ; (5,8) ; (6,2) ; (7,4) ; (8,9) ; (8,9)}
179:{(1,5) ; (2,7) ; (3,2) ; (4,4) ; (5,8) ; (6,1) ; (7,3) ; (8,9) ; (8,9)}
180:{(1,5) ; (2,7) ; (3,2) ; (4,4) ; (5,8) ; (6,1) ; (7,9) ; (8,6) ; (8,6)}
181:{(1,5) ; (2,7) ; (3,2) ; (4,6) ; (5,3) ; (6,1) ; (7,8) ; (8,4) ; (8,4)}
182:{(1,5) ; (2,7) ; (3,2) ; (4,6) ; (5,8) ; (6,1) ; (7,4) ; (8,9) ; (8,9)}
183:{(1,5) ; (2,7) ; (3,4) ; (4,1) ; (5,3) ; (6,6) ; (7,9) ; (8,2) ; (8,2)}
184:{(1,5) ; (2,7) ; (3,4) ; (4,1) ; (5,3) ; (6,8) ; (7,6) ; (8,2) ; (8,2)}
185:{(1,5) ; (2,7) ; (3,4) ; (4,1) ; (5,3) ; (6,9) ; (7,6) ; (8,8) ; (8,8)}
186:{(1,5) ; (2,7) ; (3,4) ; (4,1) ; (5,8) ; (6,2) ; (7,9) ; (8,6) ; (8,6)}
187:{(1,5) ; (2,7) ; (3,9) ; (4,3) ; (5,8) ; (6,2) ; (7,4) ; (8,6) ; (8,6)}
188:{(1,5) ; (2,7) ; (3,9) ; (4,4) ; (5,2) ; (6,8) ; (7,6) ; (8,3) ; (8,3)}
189:{(1,5) ; (2,7) ; (3,9) ; (4,4) ; (5,8) ; (6,1) ; (7,3) ; (8,6) ; (8,6)}
190:{(1,5) ; (2,8) ; (3,1) ; (4,4) ; (5,7) ; (6,3) ; (7,6) ; (8,9) ; (8,9)}
191:{(1,5) ; (2,8) ; (3,1) ; (4,9) ; (5,4) ; (6,2) ; (7,7) ; (8,3) ; (8,3)}
192:{(1,5) ; (2,8) ; (3,2) ; (4,7) ; (5,3) ; (6,1) ; (7,9) ; (8,4) ; (8,4)}
193:{(1,5) ; (2,8) ; (3,2) ; (4,7) ; (5,3) ; (6,6) ; (7,9) ; (8,1) ; (8,1)}
194:{(1,5) ; (2,8) ; (3,2) ; (4,9) ; (5,3) ; (6,1) ; (7,7) ; (8,4) ; (8,4)}
195:{(1,5) ; (2,8) ; (3,2) ; (4,9) ; (5,6) ; (6,3) ; (7,1) ; (8,4) ; (8,4)}
196:{(1,5) ; (2,8) ; (3,4) ; (4,1) ; (5,3) ; (6,6) ; (7,9) ; (8,7) ; (8,7)}
197:{(1,5) ; (2,8) ; (3,4) ; (4,1) ; (5,7) ; (6,2) ; (7,6) ; (8,3) ; (8,3)}
198:{(1,5) ; (2,8) ; (3,4) ; (4,9) ; (5,7) ; (6,3) ; (7,1) ; (8,6) ; (8,6)}
199:{(1,5) ; (2,8) ; (3,6) ; (4,1) ; (5,3) ; (6,7) ; (7,9) ; (8,4) ; (8,4)}
200:{(1,5) ; (2,8) ; (3,6) ; (4,9) ; (5,3) ; (6,1) ; (7,7) ; (8,4) ; (8,4)}
201:{(1,5) ; (2,9) ; (3,2) ; (4,4) ; (5,7) ; (6,3) ; (7,8) ; (8,6) ; (8,6)}
202:{(1,5) ; (2,9) ; (3,2) ; (4,6) ; (5,8) ; (6,3) ; (7,1) ; (8,4) ; (8,4)}
203:{(1,5) ; (2,9) ; (3,4) ; (4,6) ; (5,8) ; (6,2) ; (7,7) ; (8,1) ; (8,1)}
204:{(1,6) ; (2,1) ; (3,5) ; (4,2) ; (5,9) ; (6,7) ; (7,4) ; (8,8) ; (8,8)}
205:{(1,6) ; (2,1) ; (3,5) ; (4,7) ; (5,9) ; (6,3) ; (7,8) ; (8,2) ; (8,2)}
206:{(1,6) ; (2,1) ; (3,5) ; (4,7) ; (5,9) ; (6,4) ; (7,2) ; (8,8) ; (8,8)}
207:{(1,6) ; (2,1) ; (3,7) ; (4,4) ; (5,8) ; (6,3) ; (7,5) ; (8,9) ; (8,9)}
208:{(1,6) ; (2,2) ; (3,5) ; (4,7) ; (5,9) ; (6,3) ; (7,8) ; (8,4) ; (8,4)}
209:{(1,6) ; (2,2) ; (3,5) ; (4,7) ; (5,9) ; (6,4) ; (7,8) ; (8,1) ; (8,1)}
210:{(1,6) ; (2,2) ; (3,9) ; (4,5) ; (5,3) ; (6,8) ; (7,4) ; (8,7) ; (8,7)}
211:{(1,6) ; (2,3) ; (3,1) ; (4,4) ; (5,7) ; (6,9) ; (7,2) ; (8,5) ; (8,5)}
212:{(1,6) ; (2,3) ; (3,1) ; (4,8) ; (5,4) ; (6,9) ; (7,7) ; (8,5) ; (8,5)}
213:{(1,6) ; (2,3) ; (3,1) ; (4,8) ; (5,5) ; (6,2) ; (7,9) ; (8,7) ; (8,7)}
214:{(1,6) ; (2,3) ; (3,5) ; (4,8) ; (5,1) ; (6,4) ; (7,2) ; (8,7) ; (8,7)}
215:{(1,6) ; (2,3) ; (3,5) ; (4,8) ; (5,1) ; (6,9) ; (7,4) ; (8,2) ; (8,2)}
216:{(1,6) ; (2,3) ; (3,5) ; (4,8) ; (5,1) ; (6,9) ; (7,7) ; (8,2) ; (8,2)}
217:{(1,6) ; (2,3) ; (3,7) ; (4,2) ; (5,4) ; (6,8) ; (7,1) ; (8,5) ; (8,5)}
218:{(1,6) ; (2,3) ; (3,7) ; (4,2) ; (5,4) ; (6,9) ; (7,1) ; (8,8) ; (8,8)}
219:{(1,6) ; (2,3) ; (3,7) ; (4,2) ; (5,8) ; (6,5) ; (7,1) ; (8,4) ; (8,4)}
220:{(1,6) ; (2,3) ; (3,7) ; (4,4) ; (5,1) ; (6,9) ; (7,2) ; (8,5) ; (8,5)}
221:{(1,6) ; (2,3) ; (3,9) ; (4,2) ; (5,5) ; (6,8) ; (7,1) ; (8,7) ; (8,7)}
222:{(1,6) ; (2,3) ; (3,9) ; (4,4) ; (5,1) ; (6,8) ; (7,2) ; (8,5) ; (8,5)}
223:{(1,6) ; (2,3) ; (3,9) ; (4,7) ; (5,1) ; (6,4) ; (7,2) ; (8,5) ; (8,5)}
224:{(1,6) ; (2,4) ; (3,1) ; (4,7) ; (5,9) ; (6,2) ; (7,8) ; (8,5) ; (8,5)}
225:{(1,6) ; (2,4) ; (3,2) ; (4,7) ; (5,9) ; (6,3) ; (7,5) ; (8,8) ; (8,8)}
226:{(1,6) ; (2,4) ; (3,2) ; (4,8) ; (5,3) ; (6,9) ; (7,7) ; (8,5) ; (8,5)}
227:{(1,6) ; (2,4) ; (3,2) ; (4,8) ; (5,5) ; (6,3) ; (7,1) ; (8,9) ; (8,9)}
228:{(1,6) ; (2,4) ; (3,2) ; (4,8) ; (5,5) ; (6,9) ; (7,1) ; (8,3) ; (8,3)}
229:{(1,6) ; (2,4) ; (3,7) ; (4,1) ; (5,3) ; (6,9) ; (7,2) ; (8,8) ; (8,8)}
230:{(1,6) ; (2,4) ; (3,7) ; (4,1) ; (5,8) ; (6,2) ; (7,5) ; (8,3) ; (8,3)}
231:{(1,6) ; (2,4) ; (3,7) ; (4,1) ; (5,8) ; (6,5) ; (7,2) ; (8,9) ; (8,9)}
232:{(1,6) ; (2,4) ; (3,9) ; (4,1) ; (5,3) ; (6,7) ; (7,2) ; (8,8) ; (8,8)}
233:{(1,6) ; (2,4) ; (3,9) ; (4,1) ; (5,5) ; (6,2) ; (7,8) ; (8,3) ; (8,3)}
234:{(1,6) ; (2,4) ; (3,9) ; (4,5) ; (5,8) ; (6,2) ; (7,7) ; (8,3) ; (8,3)}
235:{(1,6) ; (2,8) ; (3,1) ; (4,5) ; (5,9) ; (6,2) ; (7,4) ; (8,7) ; (8,7)}
236:{(1,6) ; (2,8) ; (3,1) ; (4,7) ; (5,4) ; (6,2) ; (7,9) ; (8,5) ; (8,5)}
237:{(1,6) ; (2,8) ; (3,2) ; (4,7) ; (5,1) ; (6,3) ; (7,5) ; (8,9) ; (8,9)}
238:{(1,6) ; (2,8) ; (3,3) ; (4,1) ; (5,9) ; (6,2) ; (7,5) ; (8,7) ; (8,7)}
239:{(1,6) ; (2,8) ; (3,3) ; (4,1) ; (5,9) ; (6,5) ; (7,2) ; (8,4) ; (8,4)}
240:{(1,6) ; (2,8) ; (3,3) ; (4,7) ; (5,9) ; (6,2) ; (7,5) ; (8,1) ; (8,1)}
241:{(1,6) ; (2,8) ; (3,5) ; (4,2) ; (5,9) ; (6,7) ; (7,4) ; (8,1) ; (8,1)}
242:{(1,6) ; (2,9) ; (3,1) ; (4,4) ; (5,7) ; (6,3) ; (7,8) ; (8,2) ; (8,2)}
243:{(1,6) ; (2,9) ; (3,3) ; (4,1) ; (5,8) ; (6,4) ; (7,2) ; (8,7) ; (8,7)}
244:{(1,6) ; (2,9) ; (3,5) ; (4,1) ; (5,8) ; (6,4) ; (7,2) ; (8,7) ; (8,7)}
245:{(1,6) ; (2,9) ; (3,5) ; (4,2) ; (5,8) ; (6,3) ; (7,7) ; (8,4) ; (8,4)}
246:{(1,6) ; (2,9) ; (3,5) ; (4,8) ; (5,1) ; (6,3) ; (7,7) ; (8,2) ; (8,2)}
247:{(1,6) ; (2,9) ; (3,7) ; (4,4) ; (5,1) ; (6,8) ; (7,2) ; (8,5) ; (8,5)}
248:{(1,7) ; (2,1) ; (3,4) ; (4,2) ; (5,8) ; (6,6) ; (7,9) ; (8,3) ; (8,3)}
249:{(1,7) ; (2,1) ; (3,4) ; (4,6) ; (5,9) ; (6,3) ; (7,5) ; (8,8) ; (8,8)}
250:{(1,7) ; (2,1) ; (3,4) ; (4,8) ; (5,5) ; (6,3) ; (7,9) ; (8,6) ; (8,6)}
251:{(1,7) ; (2,1) ; (3,6) ; (4,2) ; (5,5) ; (6,8) ; (7,4) ; (8,9) ; (8,9)}
252:{(1,7) ; (2,1) ; (3,6) ; (4,8) ; (5,2) ; (6,4) ; (7,9) ; (8,3) ; (8,3)}
253:{(1,7) ; (2,1) ; (3,6) ; (4,9) ; (5,2) ; (6,4) ; (7,8) ; (8,3) ; (8,3)}
254:{(1,7) ; (2,1) ; (3,8) ; (4,5) ; (5,2) ; (6,9) ; (7,3) ; (8,6) ; (8,6)}
255:{(1,7) ; (2,2) ; (3,4) ; (4,1) ; (5,8) ; (6,5) ; (7,9) ; (8,6) ; (8,6)}
256:{(1,7) ; (2,2) ; (3,4) ; (4,6) ; (5,1) ; (6,9) ; (7,5) ; (8,3) ; (8,3)}
257:{(1,7) ; (2,2) ; (3,4) ; (4,9) ; (5,1) ; (6,8) ; (7,5) ; (8,3) ; (8,3)}
258:{(1,7) ; (2,2) ; (3,6) ; (4,3) ; (5,1) ; (6,8) ; (7,5) ; (8,9) ; (8,9)}
259:{(1,7) ; (2,2) ; (3,8) ; (4,6) ; (5,1) ; (6,3) ; (7,5) ; (8,9) ; (8,9)}
260:{(1,7) ; (2,3) ; (3,1) ; (4,6) ; (5,8) ; (6,5) ; (7,2) ; (8,4) ; (8,4)}
261:{(1,7) ; (2,3) ; (3,1) ; (4,9) ; (5,5) ; (6,8) ; (7,2) ; (8,4) ; (8,4)}
262:{(1,7) ; (2,3) ; (3,6) ; (4,2) ; (5,5) ; (6,1) ; (7,9) ; (8,4) ; (8,4)}
263:{(1,7) ; (2,3) ; (3,6) ; (4,8) ; (5,1) ; (6,4) ; (7,9) ; (8,5) ; (8,5)}
264:{(1,7) ; (2,3) ; (3,6) ; (4,8) ; (5,1) ; (6,5) ; (7,9) ; (8,2) ; (8,2)}
265:{(1,7) ; (2,3) ; (3,8) ; (4,2) ; (5,4) ; (6,6) ; (7,9) ; (8,5) ; (8,5)}
266:{(1,7) ; (2,3) ; (3,8) ; (4,2) ; (5,5) ; (6,1) ; (7,9) ; (8,4) ; (8,4)}
267:{(1,7) ; (2,3) ; (3,8) ; (4,6) ; (5,2) ; (6,9) ; (7,5) ; (8,1) ; (8,1)}
268:{(1,7) ; (2,4) ; (3,1) ; (4,3) ; (5,6) ; (6,9) ; (7,2) ; (8,8) ; (8,8)}
269:{(1,7) ; (2,4) ; (3,1) ; (4,3) ; (5,8) ; (6,6) ; (7,2) ; (8,9) ; (8,9)}
270:{(1,7) ; (2,4) ; (3,1) ; (4,3) ; (5,9) ; (6,6) ; (7,8) ; (8,5) ; (8,5)}
271:{(1,7) ; (2,4) ; (3,1) ; (4,5) ; (5,2) ; (6,9) ; (7,6) ; (8,8) ; (8,8)}
272:{(1,7) ; (2,4) ; (3,1) ; (4,8) ; (5,2) ; (6,9) ; (7,6) ; (8,3) ; (8,3)}
273:{(1,7) ; (2,4) ; (3,1) ; (4,8) ; (5,5) ; (6,3) ; (7,6) ; (8,9) ; (8,9)}
274:{(1,7) ; (2,4) ; (3,1) ; (4,9) ; (5,2) ; (6,6) ; (7,8) ; (8,3) ; (8,3)}
275:{(1,7) ; (2,4) ; (3,2) ; (4,5) ; (5,8) ; (6,1) ; (7,3) ; (8,6) ; (8,6)}
276:{(1,7) ; (2,4) ; (3,2) ; (4,5) ; (5,9) ; (6,1) ; (7,3) ; (8,8) ; (8,8)}
277:{(1,7) ; (2,4) ; (3,2) ; (4,8) ; (5,6) ; (6,1) ; (7,3) ; (8,5) ; (8,5)}
278:{(1,7) ; (2,4) ; (3,2) ; (4,9) ; (5,5) ; (6,1) ; (7,8) ; (8,6) ; (8,6)}
279:{(1,7) ; (2,4) ; (3,2) ; (4,9) ; (5,6) ; (6,3) ; (7,5) ; (8,8) ; (8,8)}
280:{(1,7) ; (2,4) ; (3,8) ; (4,1) ; (5,5) ; (6,9) ; (7,2) ; (8,6) ; (8,6)}
281:{(1,7) ; (2,4) ; (3,8) ; (4,3) ; (5,9) ; (6,6) ; (7,2) ; (8,5) ; (8,5)}
282:{(1,7) ; (2,5) ; (3,1) ; (4,6) ; (5,9) ; (6,3) ; (7,8) ; (8,4) ; (8,4)}
283:{(1,7) ; (2,5) ; (3,1) ; (4,8) ; (5,6) ; (6,3) ; (7,9) ; (8,2) ; (8,2)}
284:{(1,7) ; (2,5) ; (3,2) ; (4,8) ; (5,1) ; (6,3) ; (7,9) ; (8,6) ; (8,6)}
285:{(1,7) ; (2,5) ; (3,2) ; (4,8) ; (5,1) ; (6,4) ; (7,9) ; (8,3) ; (8,3)}
286:{(1,7) ; (2,5) ; (3,3) ; (4,9) ; (5,6) ; (6,8) ; (7,2) ; (8,4) ; (8,4)}
287:{(1,7) ; (2,5) ; (3,8) ; (4,2) ; (5,9) ; (6,3) ; (7,6) ; (8,4) ; (8,4)}
288:{(1,7) ; (2,5) ; (3,8) ; (4,2) ; (5,9) ; (6,6) ; (7,3) ; (8,1) ; (8,1)}
289:{(1,7) ; (2,9) ; (3,1) ; (4,3) ; (5,5) ; (6,8) ; (7,2) ; (8,4) ; (8,4)}
290:{(1,7) ; (2,9) ; (3,2) ; (4,6) ; (5,1) ; (6,3) ; (7,5) ; (8,8) ; (8,8)}
291:{(1,7) ; (2,9) ; (3,3) ; (4,5) ; (5,2) ; (6,8) ; (7,6) ; (8,4) ; (8,4)}
292:{(1,7) ; (2,9) ; (3,3) ; (4,8) ; (5,2) ; (6,4) ; (7,6) ; (8,1) ; (8,1)}
293:{(1,7) ; (2,9) ; (3,4) ; (4,2) ; (5,5) ; (6,8) ; (7,6) ; (8,1) ; (8,1)}
294:{(1,7) ; (2,9) ; (3,6) ; (4,3) ; (5,1) ; (6,8) ; (7,5) ; (8,2) ; (8,2)}
295:{(1,8) ; (2,1) ; (3,4) ; (4,6) ; (5,3) ; (6,9) ; (7,7) ; (8,5) ; (8,5)}
296:{(1,8) ; (2,1) ; (3,4) ; (4,7) ; (5,3) ; (6,6) ; (7,9) ; (8,2) ; (8,2)}
297:{(1,8) ; (2,1) ; (3,4) ; (4,7) ; (5,5) ; (6,2) ; (7,9) ; (8,6) ; (8,6)}
298:{(1,8) ; (2,1) ; (3,5) ; (4,7) ; (5,2) ; (6,6) ; (7,3) ; (8,9) ; (8,9)}
299:{(1,8) ; (2,2) ; (3,4) ; (4,1) ; (5,7) ; (6,9) ; (7,6) ; (8,3) ; (8,3)}
300:{(1,8) ; (2,2) ; (3,5) ; (4,7) ; (5,1) ; (6,4) ; (7,6) ; (8,9) ; (8,9)}
301:{(1,8) ; (2,2) ; (3,9) ; (4,6) ; (5,3) ; (6,1) ; (7,4) ; (8,7) ; (8,7)}
302:{(1,8) ; (2,3) ; (3,1) ; (4,4) ; (5,7) ; (6,9) ; (7,6) ; (8,2) ; (8,2)}
303:{(1,8) ; (2,3) ; (3,5) ; (4,2) ; (5,9) ; (6,6) ; (7,4) ; (8,7) ; (8,7)}
304:{(1,8) ; (2,3) ; (3,5) ; (4,9) ; (5,1) ; (6,6) ; (7,4) ; (8,2) ; (8,2)}
305:{(1,8) ; (2,4) ; (3,1) ; (4,7) ; (5,5) ; (6,2) ; (7,6) ; (8,9) ; (8,9)}
306:{(1,8) ; (2,4) ; (3,7) ; (4,9) ; (5,2) ; (6,6) ; (7,1) ; (8,3) ; (8,3)}
307:{(1,8) ; (2,4) ; (3,9) ; (4,1) ; (5,5) ; (6,2) ; (7,6) ; (8,3) ; (8,3)}
308:{(1,8) ; (2,4) ; (3,9) ; (4,3) ; (5,5) ; (6,7) ; (7,1) ; (8,6) ; (8,6)}
309:{(1,8) ; (2,4) ; (3,9) ; (4,3) ; (5,6) ; (6,2) ; (7,7) ; (8,5) ; (8,5)}
310:{(1,8) ; (2,4) ; (3,9) ; (4,7) ; (5,3) ; (6,1) ; (7,6) ; (8,2) ; (8,2)}
311:{(1,8) ; (2,5) ; (3,1) ; (4,6) ; (5,9) ; (6,2) ; (7,4) ; (8,7) ; (8,7)}
312:{(1,8) ; (2,5) ; (3,2) ; (4,4) ; (5,1) ; (6,7) ; (7,9) ; (8,3) ; (8,3)}
313:{(1,8) ; (2,5) ; (3,2) ; (4,4) ; (5,1) ; (6,7) ; (7,9) ; (8,6) ; (8,6)}
314:{(1,8) ; (2,5) ; (3,2) ; (4,9) ; (5,1) ; (6,4) ; (7,7) ; (8,3) ; (8,3)}
315:{(1,8) ; (2,5) ; (3,2) ; (4,9) ; (5,7) ; (6,4) ; (7,1) ; (8,3) ; (8,3)}
316:{(1,8) ; (2,5) ; (3,3) ; (4,1) ; (5,6) ; (6,2) ; (7,9) ; (8,7) ; (8,7)}
317:{(1,8) ; (2,5) ; (3,3) ; (4,1) ; (5,7) ; (6,4) ; (7,6) ; (8,9) ; (8,9)}
318:{(1,8) ; (2,5) ; (3,3) ; (4,6) ; (5,9) ; (6,7) ; (7,1) ; (8,4) ; (8,4)}
319:{(1,8) ; (2,5) ; (3,3) ; (4,9) ; (5,7) ; (6,2) ; (7,4) ; (8,6) ; (8,6)}
320:{(1,8) ; (2,6) ; (3,1) ; (4,3) ; (5,5) ; (6,7) ; (7,9) ; (8,4) ; (8,4)}
321:{(1,8) ; (2,6) ; (3,1) ; (4,3) ; (5,7) ; (6,9) ; (7,4) ; (8,2) ; (8,2)}
322:{(1,8) ; (2,6) ; (3,2) ; (4,7) ; (5,1) ; (6,4) ; (7,9) ; (8,5) ; (8,5)}
323:{(1,8) ; (2,6) ; (3,3) ; (4,9) ; (5,7) ; (6,1) ; (7,4) ; (8,2) ; (8,2)}
324:{(1,8) ; (2,6) ; (3,9) ; (4,3) ; (5,1) ; (6,4) ; (7,7) ; (8,5) ; (8,5)}
325:{(1,9) ; (2,2) ; (3,5) ; (4,7) ; (5,1) ; (6,3) ; (7,8) ; (8,6) ; (8,6)}
326:{(1,9) ; (2,2) ; (3,5) ; (4,7) ; (5,4) ; (6,1) ; (7,8) ; (8,6) ; (8,6)}
327:{(1,9) ; (2,2) ; (3,6) ; (4,8) ; (5,3) ; (6,1) ; (7,4) ; (8,7) ; (8,7)}
328:{(1,9) ; (2,3) ; (3,5) ; (4,2) ; (5,8) ; (6,1) ; (7,7) ; (8,4) ; (8,4)}
329:{(1,9) ; (2,3) ; (3,6) ; (4,2) ; (5,7) ; (6,1) ; (7,4) ; (8,8) ; (8,8)}
330:{(1,9) ; (2,3) ; (3,6) ; (4,2) ; (5,7) ; (6,5) ; (7,1) ; (8,8) ; (8,8)}
331:{(1,9) ; (2,3) ; (3,6) ; (4,4) ; (5,1) ; (6,8) ; (7,5) ; (8,7) ; (8,7)}
332:{(1,9) ; (2,4) ; (3,1) ; (4,5) ; (5,8) ; (6,2) ; (7,7) ; (8,3) ; (8,3)}
333:{(1,9) ; (2,4) ; (3,2) ; (4,5) ; (5,8) ; (6,6) ; (7,1) ; (8,3) ; (8,3)}
334:{(1,9) ; (2,4) ; (3,2) ; (4,7) ; (5,3) ; (6,6) ; (7,8) ; (8,1) ; (8,1)}
335:{(1,9) ; (2,4) ; (3,6) ; (4,8) ; (5,2) ; (6,7) ; (7,1) ; (8,3) ; (8,3)}
336:{(1,9) ; (2,4) ; (3,6) ; (4,8) ; (5,3) ; (6,1) ; (7,7) ; (8,5) ; (8,5)}
337:{(1,9) ; (2,4) ; (3,8) ; (4,1) ; (5,3) ; (6,6) ; (7,2) ; (8,7) ; (8,7)}
338:{(1,9) ; (2,5) ; (3,1) ; (4,4) ; (5,6) ; (6,8) ; (7,2) ; (8,7) ; (8,7)}
339:{(1,9) ; (2,5) ; (3,1) ; (4,8) ; (5,4) ; (6,2) ; (7,7) ; (8,3) ; (8,3)}
340:{(1,9) ; (2,5) ; (3,3) ; (4,1) ; (5,6) ; (6,8) ; (7,2) ; (8,4) ; (8,4)}
341:{(1,9) ; (2,5) ; (3,3) ; (4,1) ; (5,7) ; (6,2) ; (7,8) ; (8,6) ; (8,6)}
342:{(1,9) ; (2,5) ; (3,3) ; (4,8) ; (5,4) ; (6,7) ; (7,1) ; (8,6) ; (8,6)}
343:{(1,9) ; (2,5) ; (3,8) ; (4,4) ; (5,1) ; (6,7) ; (7,2) ; (8,6) ; (8,6)}
344:{(1,9) ; (2,6) ; (3,2) ; (4,7) ; (5,1) ; (6,3) ; (7,5) ; (8,8) ; (8,8)}
345:{(1,9) ; (2,6) ; (3,3) ; (4,1) ; (5,8) ; (6,5) ; (7,2) ; (8,4) ; (8,4)}
346:{(1,9) ; (2,6) ; (3,3) ; (4,7) ; (5,2) ; (6,8) ; (7,5) ; (8,1) ; (8,1)}
347:{(1,9) ; (2,6) ; (3,4) ; (4,2) ; (5,8) ; (6,5) ; (7,7) ; (8,1) ; (8,1)}
348:{(1,9) ; (2,6) ; (3,4) ; (4,7) ; (5,1) ; (6,8) ; (7,2) ; (8,5) ; (8,5)}
349:{(1,9) ; (2,6) ; (3,8) ; (4,2) ; (5,4) ; (6,1) ; (7,7) ; (8,5) ; (8,5)}
350:{(1,9) ; (2,7) ; (3,2) ; (4,4) ; (5,1) ; (6,8) ; (7,5) ; (8,3) ; (8,3)}
351:{(1,9) ; (2,7) ; (3,3) ; (4,8) ; (5,2) ; (6,5) ; (7,1) ; (8,6) ; (8,6)}
352:{(1,9) ; (2,7) ; (3,4) ; (4,2) ; (5,8) ; (6,6) ; (7,1) ; (8,3) ; (8,3)}
