1:{(1,1) ; (3,2) ; (6,3) ; (8,4) ; (10,5) ; (5,6) ; (9,7) ; (2,8) ; (4,9) ; (9,4)}
2:{(1,1) ; (3,2) ; (6,3) ; (9,4) ; (7,5) ; (10,6) ; (4,7) ; (2,8) ; (5,9) ; (9,5)}
3:{(1,1) ; (3,2) ; (6,3) ; (9,4) ; (7,5) ; (10,6) ; (4,7) ; (2,8) ; (8,9) ; (9,8)}
4:{(1,1) ; (3,2) ; (9,3) ; (7,4) ; (10,5) ; (4,6) ; (2,7) ; (5,8) ; (8,9) ; (9,8)}
5:{(1,1) ; (4,2) ; (6,3) ; (9,4) ; (3,5) ; (10,6) ; (8,7) ; (2,8) ; (5,9) ; (9,5)}
6:{(1,1) ; (4,2) ; (7,3) ; (10,4) ; (2,5) ; (9,6) ; (5,7) ; (3,8) ; (8,9) ; (9,8)}
7:{(1,1) ; (4,2) ; (7,3) ; (10,4) ; (3,5) ; (9,6) ; (2,7) ; (5,8) ; (8,9) ; (9,8)}
8:{(1,1) ; (4,2) ; (7,3) ; (10,4) ; (6,5) ; (9,6) ; (2,7) ; (5,8) ; (3,9) ; (9,3)}
9:{(1,1) ; (4,2) ; (7,3) ; (10,4) ; (8,5) ; (2,6) ; (5,7) ; (3,8) ; (6,9) ; (9,6)}
10:{(1,1) ; (4,2) ; (7,3) ; (10,4) ; (8,5) ; (3,6) ; (5,7) ; (9,8) ; (2,9) ; (9,2)}
11:{(1,1) ; (4,2) ; (7,3) ; (10,4) ; (8,5) ; (5,6) ; (2,7) ; (9,8) ; (3,9) ; (9,3)}
12:{(1,1) ; (4,2) ; (9,3) ; (5,4) ; (8,5) ; (10,6) ; (3,7) ; (6,8) ; (2,9) ; (9,2)}
13:{(1,1) ; (4,2) ; (9,3) ; (7,4) ; (2,5) ; (10,6) ; (3,7) ; (6,8) ; (8,9) ; (9,8)}
14:{(1,1) ; (4,2) ; (9,3) ; (7,4) ; (10,5) ; (3,6) ; (6,7) ; (2,8) ; (5,9) ; (9,5)}
15:{(1,1) ; (4,2) ; (10,3) ; (7,4) ; (9,5) ; (3,6) ; (5,7) ; (2,8) ; (8,9) ; (9,8)}
16:{(1,1) ; (5,2) ; (7,3) ; (2,4) ; (10,5) ; (8,6) ; (4,7) ; (9,8) ; (3,9) ; (9,3)}
17:{(1,1) ; (5,2) ; (7,3) ; (10,4) ; (4,5) ; (2,6) ; (9,7) ; (3,8) ; (6,9) ; (9,6)}
18:{(1,1) ; (5,2) ; (8,3) ; (2,4) ; (7,5) ; (10,6) ; (3,7) ; (9,8) ; (6,9) ; (9,6)}
19:{(1,1) ; (5,2) ; (8,3) ; (10,4) ; (3,5) ; (7,6) ; (2,7) ; (4,8) ; (6,9) ; (9,6)}
20:{(1,1) ; (5,2) ; (8,3) ; (10,4) ; (7,5) ; (4,6) ; (2,7) ; (9,8) ; (6,9) ; (9,6)}
21:{(1,1) ; (5,2) ; (10,3) ; (6,4) ; (9,5) ; (2,6) ; (4,7) ; (7,8) ; (3,9) ; (9,3)}
22:{(1,1) ; (6,2) ; (4,3) ; (7,4) ; (10,5) ; (3,6) ; (9,7) ; (2,8) ; (5,9) ; (9,5)}
23:{(1,1) ; (6,2) ; (4,3) ; (7,4) ; (10,5) ; (8,6) ; (2,7) ; (5,8) ; (3,9) ; (9,3)}
24:{(1,1) ; (6,2) ; (4,3) ; (9,4) ; (7,5) ; (3,6) ; (10,7) ; (2,8) ; (5,9) ; (9,5)}
25:{(1,1) ; (6,2) ; (4,3) ; (10,4) ; (7,5) ; (9,6) ; (3,7) ; (5,8) ; (2,9) ; (9,2)}
26:{(1,1) ; (6,2) ; (8,3) ; (2,4) ; (7,5) ; (9,6) ; (3,7) ; (5,8) ; (10,9) ; (9,10)}
27:{(1,1) ; (6,2) ; (8,3) ; (3,4) ; (7,5) ; (9,6) ; (2,7) ; (5,8) ; (10,9) ; (9,10)}
28:{(1,1) ; (6,2) ; (8,3) ; (5,4) ; (2,5) ; (9,6) ; (3,7) ; (10,8) ; (7,9) ; (9,7)}
29:{(1,1) ; (6,2) ; (8,3) ; (10,4) ; (4,5) ; (9,6) ; (3,7) ; (5,8) ; (7,9) ; (9,7)}
30:{(1,1) ; (6,2) ; (9,3) ; (3,4) ; (8,5) ; (4,6) ; (2,7) ; (10,8) ; (5,9) ; (9,5)}
31:{(1,1) ; (6,2) ; (9,3) ; (3,4) ; (10,5) ; (7,6) ; (4,7) ; (2,8) ; (5,9) ; (9,5)}
32:{(1,1) ; (6,2) ; (9,3) ; (5,4) ; (10,5) ; (8,6) ; (4,7) ; (2,8) ; (7,9) ; (9,7)}
33:{(1,1) ; (6,2) ; (9,3) ; (7,4) ; (2,5) ; (4,6) ; (8,7) ; (10,8) ; (5,9) ; (9,5)}
34:{(1,1) ; (6,2) ; (10,3) ; (3,4) ; (7,5) ; (9,6) ; (4,7) ; (2,8) ; (5,9) ; (9,5)}
35:{(1,1) ; (7,2) ; (2,3) ; (6,4) ; (8,5) ; (10,6) ; (4,7) ; (9,8) ; (3,9) ; (9,3)}
36:{(1,1) ; (7,2) ; (4,3) ; (6,4) ; (9,5) ; (2,6) ; (10,7) ; (5,8) ; (3,9) ; (9,3)}
37:{(1,1) ; (7,2) ; (4,3) ; (10,4) ; (8,5) ; (2,6) ; (5,7) ; (3,8) ; (6,9) ; (9,6)}
38:{(1,1) ; (7,2) ; (5,3) ; (2,4) ; (8,5) ; (10,6) ; (3,7) ; (9,8) ; (6,9) ; (9,6)}
39:{(1,1) ; (7,2) ; (5,3) ; (8,4) ; (2,5) ; (9,6) ; (6,7) ; (3,8) ; (10,9) ; (9,10)}
40:{(1,1) ; (7,2) ; (9,3) ; (2,4) ; (6,5) ; (10,6) ; (3,7) ; (5,8) ; (8,9) ; (9,8)}
41:{(1,1) ; (7,2) ; (9,3) ; (2,4) ; (8,5) ; (5,6) ; (3,7) ; (10,8) ; (6,9) ; (9,6)}
42:{(1,1) ; (7,2) ; (9,3) ; (3,4) ; (8,5) ; (2,6) ; (4,7) ; (6,8) ; (10,9) ; (9,10)}
43:{(1,1) ; (7,2) ; (9,3) ; (6,4) ; (3,5) ; (10,6) ; (8,7) ; (5,8) ; (2,9) ; (9,2)}
44:{(1,1) ; (7,2) ; (10,3) ; (6,4) ; (2,5) ; (9,6) ; (5,7) ; (3,8) ; (8,9) ; (9,8)}
45:{(1,1) ; (8,2) ; (2,3) ; (7,4) ; (9,5) ; (3,6) ; (5,7) ; (10,8) ; (4,9) ; (9,4)}
46:{(1,1) ; (8,2) ; (2,3) ; (7,4) ; (10,5) ; (3,6) ; (5,7) ; (9,8) ; (4,9) ; (9,4)}
47:{(1,1) ; (8,2) ; (2,3) ; (9,4) ; (6,5) ; (3,6) ; (10,7) ; (4,8) ; (7,9) ; (9,7)}
48:{(1,1) ; (8,2) ; (4,3) ; (7,4) ; (9,5) ; (2,6) ; (5,7) ; (10,8) ; (6,9) ; (9,6)}
49:{(1,1) ; (8,2) ; (4,3) ; (7,4) ; (9,5) ; (2,6) ; (6,7) ; (10,8) ; (3,9) ; (9,3)}
50:{(1,1) ; (8,2) ; (4,3) ; (9,4) ; (7,5) ; (3,6) ; (10,7) ; (6,8) ; (2,9) ; (9,2)}
51:{(1,1) ; (8,2) ; (5,3) ; (2,4) ; (9,5) ; (3,6) ; (10,7) ; (7,8) ; (4,9) ; (9,4)}
52:{(1,1) ; (8,2) ; (6,3) ; (2,4) ; (7,5) ; (10,6) ; (4,7) ; (9,8) ; (5,9) ; (9,5)}
53:{(1,1) ; (8,2) ; (6,3) ; (2,4) ; (9,5) ; (7,6) ; (4,7) ; (10,8) ; (3,9) ; (9,3)}
54:{(1,1) ; (8,2) ; (6,3) ; (3,4) ; (9,5) ; (2,6) ; (4,7) ; (10,8) ; (7,9) ; (9,7)}
55:{(1,1) ; (8,2) ; (6,3) ; (3,4) ; (9,5) ; (2,6) ; (5,7) ; (10,8) ; (4,9) ; (9,4)}
56:{(1,1) ; (8,2) ; (6,3) ; (9,4) ; (3,5) ; (10,6) ; (4,7) ; (7,8) ; (5,9) ; (9,5)}
57:{(1,1) ; (8,2) ; (10,3) ; (7,4) ; (4,5) ; (2,6) ; (9,7) ; (6,8) ; (3,9) ; (9,3)}
58:{(1,1) ; (9,2) ; (5,3) ; (10,4) ; (8,5) ; (4,6) ; (2,7) ; (7,8) ; (3,9) ; (9,3)}
59:{(1,1) ; (9,2) ; (6,3) ; (2,4) ; (7,5) ; (10,6) ; (3,7) ; (5,8) ; (8,9) ; (9,8)}
60:{(1,1) ; (9,2) ; (6,3) ; (3,4) ; (10,5) ; (8,6) ; (5,7) ; (2,8) ; (4,9) ; (9,4)}
61:{(1,1) ; (9,2) ; (7,3) ; (2,4) ; (4,5) ; (8,6) ; (10,7) ; (5,8) ; (3,9) ; (9,3)}
62:{(1,1) ; (9,2) ; (7,3) ; (3,4) ; (8,5) ; (2,6) ; (5,7) ; (10,8) ; (6,9) ; (9,6)}
63:{(1,1) ; (10,2) ; (5,3) ; (7,4) ; (9,5) ; (3,6) ; (8,7) ; (2,8) ; (4,9) ; (9,4)}
64:{(1,1) ; (10,2) ; (7,3) ; (5,4) ; (8,5) ; (2,6) ; (9,7) ; (3,8) ; (6,9) ; (9,6)}
65:{(2,1) ; (4,2) ; (6,3) ; (8,4) ; (10,5) ; (1,6) ; (3,7) ; (5,8) ; (7,9) ; (9,7)}
66:{(2,1) ; (4,2) ; (8,3) ; (3,4) ; (9,5) ; (6,6) ; (10,7) ; (1,8) ; (7,9) ; (9,7)}
67:{(2,1) ; (4,2) ; (8,3) ; (10,4) ; (5,5) ; (9,6) ; (6,7) ; (1,8) ; (3,9) ; (9,3)}
68:{(2,1) ; (4,2) ; (9,3) ; (7,4) ; (5,5) ; (10,6) ; (1,7) ; (6,8) ; (8,9) ; (9,8)}
69:{(2,1) ; (4,2) ; (10,3) ; (7,4) ; (9,5) ; (6,6) ; (3,7) ; (1,8) ; (8,9) ; (9,8)}
70:{(2,1) ; (5,2) ; (7,3) ; (1,4) ; (10,5) ; (6,6) ; (9,7) ; (3,8) ; (8,9) ; (9,8)}
71:{(2,1) ; (5,2) ; (7,3) ; (4,4) ; (10,5) ; (3,6) ; (9,7) ; (6,8) ; (8,9) ; (9,8)}
72:{(2,1) ; (5,2) ; (7,3) ; (9,4) ; (4,5) ; (8,6) ; (1,7) ; (3,8) ; (6,9) ; (9,6)}
73:{(2,1) ; (5,2) ; (8,3) ; (1,4) ; (7,5) ; (10,6) ; (3,7) ; (6,8) ; (4,9) ; (9,4)}
74:{(2,1) ; (5,2) ; (8,3) ; (4,4) ; (7,5) ; (10,6) ; (3,7) ; (1,8) ; (6,9) ; (9,6)}
75:{(2,1) ; (5,2) ; (8,3) ; (6,4) ; (3,5) ; (10,6) ; (7,7) ; (1,8) ; (4,9) ; (9,4)}
76:{(2,1) ; (5,2) ; (8,3) ; (6,4) ; (9,5) ; (3,6) ; (1,7) ; (4,8) ; (7,9) ; (9,7)}
77:{(2,1) ; (5,2) ; (8,3) ; (6,4) ; (9,5) ; (3,6) ; (1,7) ; (7,8) ; (4,9) ; (9,4)}
78:{(2,1) ; (5,2) ; (8,3) ; (10,4) ; (3,5) ; (6,6) ; (9,7) ; (1,8) ; (4,9) ; (9,4)}
79:{(2,1) ; (5,2) ; (9,3) ; (1,4) ; (10,5) ; (4,6) ; (7,7) ; (3,8) ; (8,9) ; (9,8)}
80:{(2,1) ; (5,2) ; (9,3) ; (4,4) ; (10,5) ; (8,6) ; (6,7) ; (3,8) ; (1,9) ; (9,1)}
81:{(2,1) ; (5,2) ; (10,3) ; (8,4) ; (1,5) ; (4,6) ; (7,7) ; (3,8) ; (6,9) ; (9,6)}
82:{(2,1) ; (6,2) ; (3,3) ; (7,4) ; (10,5) ; (1,6) ; (9,7) ; (5,8) ; (8,9) ; (9,8)}
83:{(2,1) ; (6,2) ; (3,3) ; (7,4) ; (10,5) ; (8,6) ; (5,7) ; (1,8) ; (4,9) ; (9,4)}
84:{(2,1) ; (6,2) ; (3,3) ; (10,4) ; (8,5) ; (5,6) ; (9,7) ; (4,8) ; (1,9) ; (9,1)}
85:{(2,1) ; (6,2) ; (8,3) ; (3,4) ; (1,5) ; (9,6) ; (5,7) ; (10,8) ; (4,9) ; (9,4)}
86:{(2,1) ; (6,2) ; (8,3) ; (3,4) ; (7,5) ; (4,6) ; (10,7) ; (1,8) ; (9,9) ; (9,9)}
87:{(2,1) ; (6,2) ; (9,3) ; (1,4) ; (8,5) ; (5,6) ; (3,7) ; (10,8) ; (7,9) ; (9,7)}
88:{(2,1) ; (6,2) ; (9,3) ; (7,4) ; (10,5) ; (1,6) ; (3,7) ; (5,8) ; (8,9) ; (9,8)}
89:{(2,1) ; (6,2) ; (10,3) ; (3,4) ; (7,5) ; (9,6) ; (4,7) ; (1,8) ; (5,9) ; (9,5)}
90:{(2,1) ; (7,2) ; (5,3) ; (3,4) ; (9,5) ; (4,6) ; (10,7) ; (8,8) ; (6,9) ; (9,6)}
91:{(2,1) ; (7,2) ; (5,3) ; (8,4) ; (1,5) ; (4,6) ; (10,7) ; (3,8) ; (6,9) ; (9,6)}
92:{(2,1) ; (7,2) ; (9,3) ; (3,4) ; (8,5) ; (10,6) ; (4,7) ; (6,8) ; (1,9) ; (9,1)}
93:{(2,1) ; (7,2) ; (10,3) ; (4,4) ; (1,5) ; (8,6) ; (5,7) ; (3,8) ; (6,9) ; (9,6)}
94:{(2,1) ; (7,2) ; (10,3) ; (6,4) ; (1,5) ; (9,6) ; (5,7) ; (3,8) ; (8,9) ; (9,8)}
95:{(2,1) ; (7,2) ; (10,3) ; (6,4) ; (3,5) ; (1,6) ; (4,7) ; (8,8) ; (5,9) ; (9,5)}
96:{(2,1) ; (8,2) ; (3,3) ; (9,4) ; (7,5) ; (5,6) ; (10,7) ; (1,8) ; (6,9) ; (9,6)}
97:{(2,1) ; (8,2) ; (5,3) ; (9,4) ; (1,5) ; (6,6) ; (10,7) ; (3,8) ; (7,9) ; (9,7)}
98:{(2,1) ; (8,2) ; (6,3) ; (9,4) ; (3,5) ; (1,6) ; (4,7) ; (7,8) ; (5,9) ; (9,5)}
99:{(2,1) ; (8,2) ; (10,3) ; (3,4) ; (9,5) ; (6,6) ; (4,7) ; (1,8) ; (7,9) ; (9,7)}
100:{(2,1) ; (8,2) ; (10,3) ; (4,4) ; (1,5) ; (5,6) ; (9,7) ; (6,8) ; (3,9) ; (9,3)}
101:{(2,1) ; (9,2) ; (1,3) ; (8,4) ; (5,5) ; (3,6) ; (10,7) ; (7,8) ; (4,9) ; (9,4)}
102:{(2,1) ; (9,2) ; (3,3) ; (8,4) ; (10,5) ; (4,6) ; (6,7) ; (1,8) ; (5,9) ; (9,5)}
103:{(2,1) ; (9,2) ; (3,3) ; (10,4) ; (7,5) ; (4,6) ; (1,7) ; (5,8) ; (8,9) ; (9,8)}
104:{(2,1) ; (9,2) ; (5,3) ; (10,4) ; (1,5) ; (4,6) ; (6,7) ; (8,8) ; (3,9) ; (9,3)}
105:{(2,1) ; (9,2) ; (6,3) ; (1,4) ; (3,5) ; (10,6) ; (7,7) ; (4,8) ; (8,9) ; (9,8)}
106:{(2,1) ; (9,2) ; (6,3) ; (3,4) ; (10,5) ; (4,6) ; (1,7) ; (8,8) ; (5,9) ; (9,5)}
107:{(2,1) ; (9,2) ; (6,3) ; (8,4) ; (10,5) ; (1,6) ; (3,7) ; (5,8) ; (7,9) ; (9,7)}
108:{(2,1) ; (9,2) ; (7,3) ; (3,4) ; (10,5) ; (8,6) ; (5,7) ; (1,8) ; (4,9) ; (9,4)}
109:{(2,1) ; (9,2) ; (7,3) ; (10,4) ; (4,5) ; (1,6) ; (5,7) ; (8,8) ; (6,9) ; (9,6)}
110:{(2,1) ; (10,2) ; (3,3) ; (7,4) ; (9,5) ; (4,6) ; (1,7) ; (5,8) ; (8,9) ; (9,8)}
111:{(2,1) ; (10,2) ; (7,3) ; (4,4) ; (1,5) ; (3,6) ; (9,7) ; (6,8) ; (8,9) ; (9,8)}
112:{(2,1) ; (10,2) ; (8,3) ; (3,4) ; (5,5) ; (9,6) ; (1,7) ; (6,8) ; (4,9) ; (9,4)}
113:{(3,1) ; (1,2) ; (6,3) ; (9,4) ; (5,5) ; (10,6) ; (8,7) ; (4,8) ; (2,9) ; (9,2)}
114:{(3,1) ; (5,2) ; (2,3) ; (8,4) ; (10,5) ; (7,6) ; (4,7) ; (1,8) ; (9,9) ; (9,9)}
115:{(3,1) ; (5,2) ; (2,3) ; (9,4) ; (6,5) ; (10,6) ; (7,7) ; (4,8) ; (1,9) ; (9,1)}
116:{(3,1) ; (5,2) ; (7,3) ; (10,4) ; (4,5) ; (6,6) ; (1,7) ; (9,8) ; (2,9) ; (9,2)}
117:{(3,1) ; (5,2) ; (8,3) ; (1,4) ; (9,5) ; (4,6) ; (2,7) ; (7,8) ; (10,9) ; (9,10)}
118:{(3,1) ; (5,2) ; (8,3) ; (2,4) ; (9,5) ; (7,6) ; (1,7) ; (4,8) ; (6,9) ; (9,6)}
119:{(3,1) ; (5,2) ; (9,3) ; (1,4) ; (6,5) ; (10,6) ; (7,7) ; (2,8) ; (4,9) ; (9,4)}
120:{(3,1) ; (5,2) ; (9,3) ; (2,4) ; (10,5) ; (7,6) ; (4,7) ; (1,8) ; (8,9) ; (9,8)}
121:{(3,1) ; (5,2) ; (9,3) ; (4,4) ; (1,5) ; (10,6) ; (8,7) ; (6,8) ; (2,9) ; (9,2)}
122:{(3,1) ; (5,2) ; (9,3) ; (4,4) ; (6,5) ; (10,6) ; (2,7) ; (7,8) ; (1,9) ; (9,1)}
123:{(3,1) ; (5,2) ; (9,3) ; (4,4) ; (10,5) ; (7,6) ; (2,7) ; (6,8) ; (8,9) ; (9,8)}
124:{(3,1) ; (5,2) ; (10,3) ; (8,4) ; (4,5) ; (2,6) ; (7,7) ; (9,8) ; (6,9) ; (9,6)}
125:{(3,1) ; (6,2) ; (2,3) ; (10,4) ; (1,5) ; (9,6) ; (5,7) ; (8,8) ; (4,9) ; (9,4)}
126:{(3,1) ; (6,2) ; (4,3) ; (10,4) ; (1,5) ; (9,6) ; (5,7) ; (8,8) ; (2,9) ; (9,2)}
127:{(3,1) ; (6,2) ; (8,3) ; (1,4) ; (4,5) ; (7,6) ; (10,7) ; (2,8) ; (9,9) ; (9,9)}
128:{(3,1) ; (6,2) ; (8,3) ; (5,4) ; (1,5) ; (4,6) ; (10,7) ; (7,8) ; (9,9) ; (9,9)}
129:{(3,1) ; (6,2) ; (8,3) ; (10,4) ; (1,5) ; (9,6) ; (5,7) ; (2,8) ; (4,9) ; (9,4)}
130:{(3,1) ; (6,2) ; (8,3) ; (10,4) ; (4,5) ; (1,6) ; (5,7) ; (2,8) ; (9,9) ; (9,9)}
131:{(3,1) ; (6,2) ; (9,3) ; (1,4) ; (4,5) ; (7,6) ; (10,7) ; (2,8) ; (5,9) ; (9,5)}
132:{(3,1) ; (6,2) ; (9,3) ; (1,4) ; (4,5) ; (7,6) ; (10,7) ; (8,8) ; (2,9) ; (9,2)}
133:{(3,1) ; (6,2) ; (9,3) ; (1,4) ; (8,5) ; (4,6) ; (2,7) ; (7,8) ; (5,9) ; (9,5)}
134:{(3,1) ; (6,2) ; (9,3) ; (1,4) ; (10,5) ; (5,6) ; (7,7) ; (2,8) ; (4,9) ; (9,4)}
135:{(3,1) ; (6,2) ; (9,3) ; (2,4) ; (4,5) ; (7,6) ; (10,7) ; (8,8) ; (1,9) ; (9,1)}
136:{(3,1) ; (6,2) ; (9,3) ; (2,4) ; (4,5) ; (7,6) ; (10,7) ; (8,8) ; (5,9) ; (9,5)}
137:{(3,1) ; (6,2) ; (9,3) ; (2,4) ; (8,5) ; (1,6) ; (4,7) ; (7,8) ; (5,9) ; (9,5)}
138:{(3,1) ; (6,2) ; (9,3) ; (5,4) ; (8,5) ; (1,6) ; (4,7) ; (2,8) ; (7,9) ; (9,7)}
139:{(3,1) ; (6,2) ; (9,3) ; (7,4) ; (1,5) ; (4,6) ; (2,7) ; (5,8) ; (8,9) ; (9,8)}
140:{(3,1) ; (6,2) ; (9,3) ; (7,4) ; (2,5) ; (4,6) ; (8,7) ; (1,8) ; (5,9) ; (9,5)}
141:{(3,1) ; (6,2) ; (9,3) ; (7,4) ; (4,5) ; (1,6) ; (8,7) ; (2,8) ; (5,9) ; (9,5)}
142:{(3,1) ; (6,2) ; (10,3) ; (5,4) ; (2,5) ; (9,6) ; (7,7) ; (4,8) ; (1,9) ; (9,1)}
143:{(3,1) ; (6,2) ; (10,3) ; (5,4) ; (2,5) ; (9,6) ; (7,7) ; (4,8) ; (8,9) ; (9,8)}
144:{(3,1) ; (6,2) ; (10,3) ; (7,4) ; (2,5) ; (4,6) ; (8,7) ; (1,8) ; (5,9) ; (9,5)}
145:{(3,1) ; (7,2) ; (2,3) ; (4,4) ; (8,5) ; (10,6) ; (5,7) ; (9,8) ; (6,9) ; (9,6)}
146:{(3,1) ; (7,2) ; (2,3) ; (8,4) ; (6,5) ; (1,6) ; (10,7) ; (5,8) ; (9,9) ; (9,9)}
147:{(3,1) ; (7,2) ; (2,3) ; (10,4) ; (8,5) ; (6,6) ; (4,7) ; (9,8) ; (1,9) ; (9,1)}
148:{(3,1) ; (7,2) ; (9,3) ; (4,4) ; (1,5) ; (5,6) ; (10,7) ; (2,8) ; (6,9) ; (9,6)}
149:{(3,1) ; (7,2) ; (9,3) ; (4,4) ; (6,5) ; (1,6) ; (10,7) ; (2,8) ; (5,9) ; (9,5)}
150:{(3,1) ; (7,2) ; (10,3) ; (4,4) ; (9,5) ; (1,6) ; (5,7) ; (2,8) ; (8,9) ; (9,8)}
151:{(3,1) ; (8,2) ; (2,3) ; (7,4) ; (1,5) ; (10,6) ; (5,7) ; (9,8) ; (6,9) ; (9,6)}
152:{(3,1) ; (8,2) ; (4,3) ; (7,4) ; (9,5) ; (2,6) ; (5,7) ; (1,8) ; (6,9) ; (9,6)}
153:{(3,1) ; (8,2) ; (6,3) ; (1,4) ; (9,5) ; (2,6) ; (5,7) ; (7,8) ; (4,9) ; (9,4)}
154:{(3,1) ; (8,2) ; (6,3) ; (1,4) ; (10,5) ; (5,6) ; (7,7) ; (9,8) ; (4,9) ; (9,4)}
155:{(3,1) ; (8,2) ; (6,3) ; (2,4) ; (9,5) ; (5,6) ; (1,7) ; (4,8) ; (10,9) ; (9,10)}
156:{(3,1) ; (8,2) ; (6,3) ; (2,4) ; (10,5) ; (5,6) ; (1,7) ; (4,8) ; (9,9) ; (9,9)}
157:{(3,1) ; (8,2) ; (6,3) ; (9,4) ; (1,5) ; (10,6) ; (5,7) ; (7,8) ; (2,9) ; (9,2)}
158:{(3,1) ; (8,2) ; (6,3) ; (9,4) ; (2,5) ; (5,6) ; (1,7) ; (4,8) ; (7,9) ; (9,7)}
159:{(3,1) ; (8,2) ; (10,3) ; (1,4) ; (6,5) ; (2,6) ; (5,7) ; (7,8) ; (9,9) ; (9,9)}
160:{(3,1) ; (8,2) ; (10,3) ; (4,4) ; (9,5) ; (1,6) ; (5,7) ; (7,8) ; (2,9) ; (9,2)}
161:{(3,1) ; (9,2) ; (2,3) ; (8,4) ; (5,5) ; (7,6) ; (10,7) ; (1,8) ; (6,9) ; (9,6)}
162:{(3,1) ; (9,2) ; (2,3) ; (10,4) ; (5,5) ; (7,6) ; (1,7) ; (4,8) ; (6,9) ; (9,6)}
163:{(3,1) ; (9,2) ; (6,3) ; (8,4) ; (2,5) ; (4,6) ; (1,7) ; (7,8) ; (5,9) ; (9,5)}
164:{(3,1) ; (9,2) ; (6,3) ; (10,4) ; (2,5) ; (7,6) ; (1,7) ; (4,8) ; (8,9) ; (9,8)}
165:{(3,1) ; (10,2) ; (2,3) ; (9,4) ; (6,5) ; (4,6) ; (1,7) ; (8,8) ; (5,9) ; (9,5)}
166:{(3,1) ; (10,2) ; (4,3) ; (7,4) ; (9,5) ; (2,6) ; (6,7) ; (8,8) ; (1,9) ; (9,1)}
167:{(3,1) ; (10,2) ; (4,3) ; (9,4) ; (1,5) ; (5,6) ; (7,7) ; (2,8) ; (6,9) ; (9,6)}
168:{(3,1) ; (10,2) ; (6,3) ; (2,4) ; (9,5) ; (5,6) ; (1,7) ; (8,8) ; (4,9) ; (9,4)}
169:{(3,1) ; (10,2) ; (6,3) ; (2,4) ; (9,5) ; (7,6) ; (4,7) ; (8,8) ; (1,9) ; (9,1)}
170:{(3,1) ; (10,2) ; (7,3) ; (2,4) ; (4,5) ; (1,6) ; (8,7) ; (5,8) ; (9,9) ; (9,9)}
171:{(3,1) ; (10,2) ; (7,3) ; (4,4) ; (1,5) ; (5,6) ; (2,7) ; (9,8) ; (6,9) ; (9,6)}
172:{(3,1) ; (10,2) ; (7,3) ; (4,4) ; (2,5) ; (9,6) ; (6,7) ; (1,8) ; (5,9) ; (9,5)}
173:{(3,1) ; (10,2) ; (7,3) ; (5,4) ; (1,5) ; (9,6) ; (6,7) ; (8,8) ; (2,9) ; (9,2)}
174:{(3,1) ; (10,2) ; (7,3) ; (9,4) ; (1,5) ; (5,6) ; (2,7) ; (8,8) ; (6,9) ; (9,6)}
175:{(3,1) ; (10,2) ; (8,3) ; (1,4) ; (5,5) ; (2,6) ; (6,7) ; (9,8) ; (7,9) ; (9,7)}
176:{(3,1) ; (10,2) ; (8,3) ; (2,4) ; (4,5) ; (9,6) ; (7,7) ; (5,8) ; (1,9) ; (9,1)}
177:{(3,1) ; (10,2) ; (8,3) ; (5,4) ; (2,5) ; (4,6) ; (1,7) ; (7,8) ; (9,9) ; (9,9)}
178:{(4,1) ; (1,2) ; (5,3) ; (8,4) ; (10,5) ; (3,6) ; (7,7) ; (9,8) ; (2,9) ; (9,2)}
179:{(4,1) ; (1,2) ; (7,3) ; (9,4) ; (2,5) ; (8,6) ; (5,7) ; (3,8) ; (10,9) ; (9,10)}
180:{(4,1) ; (1,2) ; (7,3) ; (10,4) ; (6,5) ; (2,6) ; (9,7) ; (5,8) ; (3,9) ; (9,3)}
181:{(4,1) ; (1,2) ; (8,3) ; (6,4) ; (2,5) ; (10,6) ; (7,7) ; (9,8) ; (3,9) ; (9,3)}
182:{(4,1) ; (1,2) ; (8,3) ; (10,4) ; (2,5) ; (6,6) ; (3,7) ; (9,8) ; (7,9) ; (9,7)}
183:{(4,1) ; (2,2) ; (5,3) ; (8,4) ; (10,5) ; (3,6) ; (6,7) ; (9,8) ; (7,9) ; (9,7)}
184:{(4,1) ; (2,2) ; (5,3) ; (9,4) ; (1,5) ; (10,6) ; (8,7) ; (6,8) ; (3,9) ; (9,3)}
185:{(4,1) ; (2,2) ; (7,3) ; (5,4) ; (10,5) ; (1,6) ; (9,7) ; (6,8) ; (8,9) ; (9,8)}
186:{(4,1) ; (2,2) ; (7,3) ; (9,4) ; (6,5) ; (3,6) ; (1,7) ; (10,8) ; (8,9) ; (9,8)}
187:{(4,1) ; (2,2) ; (7,3) ; (10,4) ; (6,5) ; (1,6) ; (9,7) ; (5,8) ; (3,9) ; (9,3)}
188:{(4,1) ; (2,2) ; (8,3) ; (3,4) ; (9,5) ; (7,6) ; (5,7) ; (10,8) ; (1,9) ; (9,1)}
189:{(4,1) ; (2,2) ; (8,3) ; (5,4) ; (9,5) ; (1,6) ; (6,7) ; (10,8) ; (3,9) ; (9,3)}
190:{(4,1) ; (2,2) ; (8,3) ; (6,4) ; (9,5) ; (1,6) ; (5,7) ; (7,8) ; (10,9) ; (9,10)}
191:{(4,1) ; (2,2) ; (8,3) ; (10,4) ; (1,5) ; (3,6) ; (6,7) ; (9,8) ; (7,9) ; (9,7)}
192:{(4,1) ; (2,2) ; (8,3) ; (10,4) ; (7,5) ; (3,6) ; (6,7) ; (9,8) ; (1,9) ; (9,1)}
193:{(4,1) ; (2,2) ; (9,3) ; (5,4) ; (10,5) ; (8,6) ; (6,7) ; (3,8) ; (1,9) ; (9,1)}
194:{(4,1) ; (2,2) ; (9,3) ; (6,4) ; (3,5) ; (10,6) ; (8,7) ; (1,8) ; (5,9) ; (9,5)}
195:{(4,1) ; (2,2) ; (9,3) ; (6,4) ; (10,5) ; (7,6) ; (1,7) ; (3,8) ; (5,9) ; (9,5)}
196:{(4,1) ; (2,2) ; (10,3) ; (6,4) ; (9,5) ; (5,6) ; (8,7) ; (1,8) ; (3,9) ; (9,3)}
197:{(4,1) ; (6,2) ; (1,3) ; (9,4) ; (7,5) ; (3,6) ; (8,7) ; (2,8) ; (5,9) ; (9,5)}
198:{(4,1) ; (6,2) ; (1,3) ; (10,4) ; (5,5) ; (7,6) ; (9,7) ; (3,8) ; (8,9) ; (9,8)}
199:{(4,1) ; (6,2) ; (1,3) ; (10,4) ; (7,5) ; (5,6) ; (8,7) ; (2,8) ; (9,9) ; (9,9)}
200:{(4,1) ; (6,2) ; (3,3) ; (9,4) ; (2,5) ; (8,6) ; (5,7) ; (7,8) ; (10,9) ; (9,10)}
201:{(4,1) ; (6,2) ; (3,3) ; (10,4) ; (2,5) ; (7,6) ; (9,7) ; (1,8) ; (8,9) ; (9,8)}
202:{(4,1) ; (6,2) ; (3,3) ; (10,4) ; (7,5) ; (1,6) ; (8,7) ; (5,8) ; (2,9) ; (9,2)}
203:{(4,1) ; (6,2) ; (3,3) ; (10,4) ; (7,5) ; (5,6) ; (2,7) ; (9,8) ; (1,9) ; (9,1)}
204:{(4,1) ; (6,2) ; (8,3) ; (2,4) ; (5,5) ; (1,6) ; (9,7) ; (7,8) ; (10,9) ; (9,10)}
205:{(4,1) ; (6,2) ; (8,3) ; (10,4) ; (2,5) ; (7,6) ; (3,7) ; (1,8) ; (9,9) ; (9,9)}
206:{(4,1) ; (6,2) ; (8,3) ; (10,4) ; (2,5) ; (7,6) ; (9,7) ; (1,8) ; (3,9) ; (9,3)}
207:{(4,1) ; (6,2) ; (9,3) ; (3,4) ; (1,5) ; (8,6) ; (2,7) ; (5,8) ; (7,9) ; (9,7)}
208:{(4,1) ; (6,2) ; (9,3) ; (3,4) ; (10,5) ; (7,6) ; (2,7) ; (8,8) ; (5,9) ; (9,5)}
209:{(4,1) ; (6,2) ; (9,3) ; (3,4) ; (10,5) ; (8,6) ; (2,7) ; (5,8) ; (7,9) ; (9,7)}
210:{(4,1) ; (6,2) ; (9,3) ; (5,4) ; (10,5) ; (1,6) ; (3,7) ; (8,8) ; (2,9) ; (9,2)}
211:{(4,1) ; (6,2) ; (9,3) ; (5,4) ; (10,5) ; (1,6) ; (7,7) ; (2,8) ; (8,9) ; (9,8)}
212:{(4,1) ; (6,2) ; (10,3) ; (3,4) ; (1,5) ; (8,6) ; (5,7) ; (2,8) ; (9,9) ; (9,9)}
213:{(4,1) ; (6,2) ; (10,3) ; (3,4) ; (5,5) ; (8,6) ; (2,7) ; (9,8) ; (7,9) ; (9,7)}
214:{(4,1) ; (6,2) ; (10,3) ; (5,4) ; (2,5) ; (8,6) ; (3,7) ; (7,8) ; (9,9) ; (9,9)}
215:{(4,1) ; (6,2) ; (10,3) ; (5,4) ; (7,5) ; (1,6) ; (3,7) ; (8,8) ; (2,9) ; (9,2)}
216:{(4,1) ; (7,2) ; (1,3) ; (6,4) ; (2,5) ; (10,6) ; (8,7) ; (3,8) ; (5,9) ; (9,5)}
217:{(4,1) ; (7,2) ; (1,3) ; (6,4) ; (9,5) ; (2,6) ; (8,7) ; (5,8) ; (3,9) ; (9,3)}
218:{(4,1) ; (7,2) ; (3,3) ; (6,4) ; (2,5) ; (10,6) ; (1,7) ; (9,8) ; (5,9) ; (9,5)}
219:{(4,1) ; (7,2) ; (3,3) ; (10,4) ; (6,5) ; (1,6) ; (9,7) ; (5,8) ; (8,9) ; (9,8)}
220:{(4,1) ; (7,2) ; (3,3) ; (10,4) ; (6,5) ; (2,6) ; (9,7) ; (5,8) ; (1,9) ; (9,1)}
221:{(4,1) ; (7,2) ; (5,3) ; (3,4) ; (1,5) ; (10,6) ; (8,7) ; (6,8) ; (9,9) ; (9,9)}
222:{(4,1) ; (7,2) ; (5,3) ; (10,4) ; (2,5) ; (6,6) ; (8,7) ; (3,8) ; (1,9) ; (9,1)}
223:{(4,1) ; (7,2) ; (9,3) ; (2,4) ; (5,5) ; (8,6) ; (1,7) ; (3,8) ; (10,9) ; (9,10)}
224:{(4,1) ; (7,2) ; (9,3) ; (2,4) ; (6,5) ; (1,6) ; (3,7) ; (5,8) ; (8,9) ; (9,8)}
225:{(4,1) ; (7,2) ; (9,3) ; (6,4) ; (2,5) ; (5,6) ; (1,7) ; (8,8) ; (10,9) ; (9,10)}
226:{(4,1) ; (7,2) ; (9,3) ; (6,4) ; (2,5) ; (10,6) ; (1,7) ; (3,8) ; (5,9) ; (9,5)}
227:{(4,1) ; (7,2) ; (9,3) ; (6,4) ; (3,5) ; (1,6) ; (8,7) ; (5,8) ; (2,9) ; (9,2)}
228:{(4,1) ; (7,2) ; (10,3) ; (2,4) ; (5,5) ; (8,6) ; (1,7) ; (3,8) ; (6,9) ; (9,6)}
229:{(4,1) ; (7,2) ; (10,3) ; (3,4) ; (5,5) ; (8,6) ; (1,7) ; (9,8) ; (2,9) ; (9,2)}
230:{(4,1) ; (7,2) ; (10,3) ; (3,4) ; (5,5) ; (8,6) ; (1,7) ; (9,8) ; (6,9) ; (9,6)}
231:{(4,1) ; (7,2) ; (10,3) ; (3,4) ; (9,5) ; (2,6) ; (5,7) ; (8,8) ; (6,9) ; (9,6)}
232:{(4,1) ; (8,2) ; (1,3) ; (5,4) ; (9,5) ; (2,6) ; (6,7) ; (10,8) ; (3,9) ; (9,3)}
233:{(4,1) ; (8,2) ; (1,3) ; (5,4) ; (10,5) ; (2,6) ; (6,7) ; (3,8) ; (9,9) ; (9,9)}
234:{(4,1) ; (8,2) ; (1,3) ; (9,4) ; (2,5) ; (5,6) ; (7,7) ; (10,8) ; (3,9) ; (9,3)}
235:{(4,1) ; (8,2) ; (1,3) ; (9,4) ; (6,5) ; (2,6) ; (7,7) ; (10,8) ; (3,9) ; (9,3)}
236:{(4,1) ; (8,2) ; (3,3) ; (5,4) ; (7,5) ; (10,6) ; (1,7) ; (6,8) ; (2,9) ; (9,2)}
237:{(4,1) ; (8,2) ; (3,3) ; (5,4) ; (9,5) ; (1,6) ; (6,7) ; (10,8) ; (2,9) ; (9,2)}
238:{(4,1) ; (8,2) ; (3,3) ; (5,4) ; (9,5) ; (1,6) ; (6,7) ; (10,8) ; (7,9) ; (9,7)}
239:{(4,1) ; (8,2) ; (3,3) ; (5,4) ; (9,5) ; (2,6) ; (6,7) ; (10,8) ; (7,9) ; (9,7)}
240:{(4,1) ; (8,2) ; (3,3) ; (5,4) ; (10,5) ; (1,6) ; (9,7) ; (6,8) ; (2,9) ; (9,2)}
241:{(4,1) ; (8,2) ; (3,3) ; (9,4) ; (6,5) ; (10,6) ; (1,7) ; (7,8) ; (5,9) ; (9,5)}
242:{(4,1) ; (8,2) ; (3,3) ; (9,4) ; (7,5) ; (10,6) ; (1,7) ; (6,8) ; (2,9) ; (9,2)}
243:{(4,1) ; (8,2) ; (5,3) ; (2,4) ; (6,5) ; (10,6) ; (7,7) ; (1,8) ; (3,9) ; (9,3)}
244:{(4,1) ; (8,2) ; (5,3) ; (2,4) ; (10,5) ; (1,6) ; (7,7) ; (9,8) ; (3,9) ; (9,3)}
245:{(4,1) ; (8,2) ; (5,3) ; (3,4) ; (1,5) ; (10,6) ; (2,7) ; (6,8) ; (9,9) ; (9,9)}
246:{(4,1) ; (8,2) ; (5,3) ; (3,4) ; (1,5) ; (10,6) ; (7,7) ; (9,8) ; (6,9) ; (9,6)}
247:{(4,1) ; (8,2) ; (5,3) ; (3,4) ; (10,5) ; (6,6) ; (2,7) ; (9,8) ; (7,9) ; (9,7)}
248:{(4,1) ; (8,2) ; (5,3) ; (3,4) ; (10,5) ; (7,6) ; (2,7) ; (6,8) ; (9,9) ; (9,9)}
249:{(4,1) ; (8,2) ; (5,3) ; (9,4) ; (1,5) ; (10,6) ; (2,7) ; (6,8) ; (3,9) ; (9,3)}
250:{(4,1) ; (8,2) ; (5,3) ; (9,4) ; (1,5) ; (10,6) ; (7,7) ; (3,8) ; (6,9) ; (9,6)}
251:{(4,1) ; (8,2) ; (10,3) ; (3,4) ; (6,5) ; (2,6) ; (5,7) ; (1,8) ; (9,9) ; (9,9)}
252:{(4,1) ; (8,2) ; (10,3) ; (5,4) ; (2,5) ; (6,6) ; (1,7) ; (3,8) ; (7,9) ; (9,7)}
253:{(4,1) ; (9,2) ; (1,3) ; (5,4) ; (10,5) ; (2,6) ; (6,7) ; (8,8) ; (3,9) ; (9,3)}
254:{(4,1) ; (9,2) ; (3,3) ; (6,4) ; (2,5) ; (10,6) ; (1,7) ; (7,8) ; (5,9) ; (9,5)}
255:{(4,1) ; (9,2) ; (3,3) ; (8,4) ; (10,5) ; (1,6) ; (6,7) ; (2,8) ; (5,9) ; (9,5)}
256:{(4,1) ; (9,2) ; (3,3) ; (10,4) ; (2,5) ; (7,6) ; (5,7) ; (1,8) ; (8,9) ; (9,8)}
257:{(4,1) ; (9,2) ; (5,3) ; (2,4) ; (10,5) ; (1,6) ; (6,7) ; (8,8) ; (3,9) ; (9,3)}
258:{(4,1) ; (9,2) ; (5,3) ; (3,4) ; (1,5) ; (10,6) ; (7,7) ; (2,8) ; (6,9) ; (9,6)}
259:{(4,1) ; (9,2) ; (5,3) ; (8,4) ; (1,5) ; (3,6) ; (6,7) ; (2,8) ; (7,9) ; (9,7)}
260:{(4,1) ; (9,2) ; (5,3) ; (10,4) ; (1,5) ; (6,6) ; (8,7) ; (2,8) ; (7,9) ; (9,7)}
261:{(4,1) ; (9,2) ; (7,3) ; (3,4) ; (1,5) ; (6,6) ; (2,7) ; (5,8) ; (10,9) ; (9,10)}
262:{(4,1) ; (9,2) ; (7,3) ; (5,4) ; (2,5) ; (6,6) ; (1,7) ; (10,8) ; (8,9) ; (9,8)}
263:{(4,1) ; (10,2) ; (1,3) ; (9,4) ; (6,5) ; (3,6) ; (7,7) ; (2,8) ; (8,9) ; (9,8)}
264:{(4,1) ; (10,2) ; (3,3) ; (6,4) ; (9,5) ; (2,6) ; (8,7) ; (5,8) ; (7,9) ; (9,7)}
265:{(4,1) ; (10,2) ; (5,3) ; (2,4) ; (9,5) ; (7,6) ; (3,7) ; (8,8) ; (6,9) ; (9,6)}
266:{(4,1) ; (10,2) ; (5,3) ; (3,4) ; (9,5) ; (7,6) ; (2,7) ; (8,8) ; (6,9) ; (9,6)}
267:{(4,1) ; (10,2) ; (7,3) ; (2,4) ; (6,5) ; (3,6) ; (1,7) ; (8,8) ; (5,9) ; (9,5)}
268:{(4,1) ; (10,2) ; (7,3) ; (5,4) ; (2,5) ; (8,6) ; (1,7) ; (3,8) ; (9,9) ; (9,9)}
269:{(4,1) ; (10,2) ; (8,3) ; (5,4) ; (3,5) ; (1,6) ; (6,7) ; (2,8) ; (9,9) ; (9,9)}
270:{(4,1) ; (10,2) ; (8,3) ; (5,4) ; (3,5) ; (1,6) ; (7,7) ; (2,8) ; (6,9) ; (9,6)}
271:{(5,1) ; (1,2) ; (4,3) ; (9,4) ; (7,5) ; (2,6) ; (10,7) ; (3,8) ; (6,9) ; (9,6)}
272:{(5,1) ; (1,2) ; (6,3) ; (4,4) ; (10,5) ; (8,6) ; (3,7) ; (9,8) ; (7,9) ; (9,7)}
273:{(5,1) ; (1,2) ; (8,3) ; (4,4) ; (7,5) ; (9,6) ; (2,7) ; (6,8) ; (10,9) ; (9,10)}
274:{(5,1) ; (1,2) ; (8,3) ; (6,4) ; (2,5) ; (9,6) ; (7,7) ; (4,8) ; (10,9) ; (9,10)}
275:{(5,1) ; (1,2) ; (8,3) ; (6,4) ; (3,5) ; (9,6) ; (2,7) ; (4,8) ; (10,9) ; (9,10)}
276:{(5,1) ; (1,2) ; (8,3) ; (10,4) ; (3,5) ; (6,6) ; (9,7) ; (2,8) ; (4,9) ; (9,4)}
277:{(5,1) ; (1,2) ; (8,3) ; (10,4) ; (7,5) ; (4,6) ; (2,7) ; (9,8) ; (6,9) ; (9,6)}
278:{(5,1) ; (1,2) ; (9,3) ; (4,4) ; (6,5) ; (8,6) ; (10,7) ; (2,8) ; (7,9) ; (9,7)}
279:{(5,1) ; (1,2) ; (9,3) ; (6,4) ; (3,5) ; (7,6) ; (10,7) ; (8,8) ; (2,9) ; (9,2)}
280:{(5,1) ; (2,2) ; (4,3) ; (9,4) ; (3,5) ; (8,6) ; (10,7) ; (7,8) ; (1,9) ; (9,1)}
281:{(5,1) ; (2,2) ; (4,3) ; (10,4) ; (7,5) ; (9,6) ; (1,7) ; (3,8) ; (8,9) ; (9,8)}
282:{(5,1) ; (2,2) ; (4,3) ; (10,4) ; (7,5) ; (9,6) ; (6,7) ; (3,8) ; (1,9) ; (9,1)}
283:{(5,1) ; (2,2) ; (6,3) ; (1,4) ; (10,5) ; (7,6) ; (9,7) ; (3,8) ; (8,9) ; (9,8)}
284:{(5,1) ; (2,2) ; (6,3) ; (3,4) ; (10,5) ; (7,6) ; (9,7) ; (4,8) ; (1,9) ; (9,1)}
285:{(5,1) ; (2,2) ; (6,3) ; (10,4) ; (3,5) ; (7,6) ; (9,7) ; (4,8) ; (8,9) ; (9,8)}
286:{(5,1) ; (2,2) ; (8,3) ; (10,4) ; (3,5) ; (9,6) ; (6,7) ; (4,8) ; (1,9) ; (9,1)}
287:{(5,1) ; (2,2) ; (8,3) ; (10,4) ; (7,5) ; (3,6) ; (1,7) ; (9,8) ; (4,9) ; (9,4)}
288:{(5,1) ; (2,2) ; (8,3) ; (10,4) ; (7,5) ; (4,6) ; (1,7) ; (9,8) ; (6,9) ; (9,6)}
289:{(5,1) ; (2,2) ; (9,3) ; (1,4) ; (3,5) ; (8,6) ; (10,7) ; (7,8) ; (4,9) ; (9,4)}
290:{(5,1) ; (2,2) ; (10,3) ; (7,4) ; (4,5) ; (1,6) ; (3,7) ; (9,8) ; (6,9) ; (9,6)}
291:{(5,1) ; (3,2) ; (1,3) ; (9,4) ; (7,5) ; (2,6) ; (10,7) ; (8,8) ; (6,9) ; (9,6)}
292:{(5,1) ; (3,2) ; (1,3) ; (10,4) ; (7,5) ; (9,6) ; (4,7) ; (2,8) ; (8,9) ; (9,8)}
293:{(5,1) ; (3,2) ; (6,3) ; (9,4) ; (2,5) ; (4,6) ; (7,7) ; (10,8) ; (8,9) ; (9,8)}
294:{(5,1) ; (3,2) ; (6,3) ; (9,4) ; (2,5) ; (8,6) ; (1,7) ; (4,8) ; (7,9) ; (9,7)}
295:{(5,1) ; (3,2) ; (6,3) ; (9,4) ; (7,5) ; (1,6) ; (4,7) ; (2,8) ; (8,9) ; (9,8)}
296:{(5,1) ; (3,2) ; (6,3) ; (10,4) ; (7,5) ; (2,6) ; (4,7) ; (8,8) ; (1,9) ; (9,1)}
297:{(5,1) ; (3,2) ; (6,3) ; (10,4) ; (7,5) ; (4,6) ; (1,7) ; (8,8) ; (2,9) ; (9,2)}
298:{(5,1) ; (3,2) ; (8,3) ; (4,4) ; (7,5) ; (1,6) ; (10,7) ; (2,8) ; (6,9) ; (9,6)}
299:{(5,1) ; (3,2) ; (8,3) ; (6,4) ; (2,5) ; (9,6) ; (1,7) ; (4,8) ; (7,9) ; (9,7)}
300:{(5,1) ; (3,2) ; (8,3) ; (10,4) ; (2,5) ; (4,6) ; (1,7) ; (7,8) ; (9,9) ; (9,9)}
301:{(5,1) ; (3,2) ; (9,3) ; (4,4) ; (2,5) ; (8,6) ; (10,7) ; (7,8) ; (1,9) ; (9,1)}
302:{(5,1) ; (3,2) ; (9,3) ; (4,4) ; (10,5) ; (8,6) ; (6,7) ; (2,8) ; (7,9) ; (9,7)}
303:{(5,1) ; (3,2) ; (9,3) ; (6,4) ; (8,5) ; (2,6) ; (4,7) ; (1,8) ; (7,9) ; (9,7)}
304:{(5,1) ; (3,2) ; (9,3) ; (6,4) ; (10,5) ; (2,6) ; (7,7) ; (1,8) ; (4,9) ; (9,4)}
305:{(5,1) ; (3,2) ; (9,3) ; (7,4) ; (2,5) ; (4,6) ; (1,7) ; (10,8) ; (8,9) ; (9,8)}
306:{(5,1) ; (3,2) ; (9,3) ; (7,4) ; (10,5) ; (2,6) ; (6,7) ; (8,8) ; (1,9) ; (9,1)}
307:{(5,1) ; (3,2) ; (10,3) ; (4,4) ; (7,5) ; (9,6) ; (2,7) ; (6,8) ; (8,9) ; (9,8)}
308:{(5,1) ; (3,2) ; (10,3) ; (6,4) ; (2,5) ; (9,6) ; (7,7) ; (4,8) ; (8,9) ; (9,8)}
309:{(5,1) ; (3,2) ; (10,3) ; (6,4) ; (4,5) ; (9,6) ; (1,7) ; (8,8) ; (2,9) ; (9,2)}
310:{(5,1) ; (3,2) ; (10,3) ; (7,4) ; (2,5) ; (6,6) ; (9,7) ; (1,8) ; (8,9) ; (9,8)}
311:{(5,1) ; (3,2) ; (10,3) ; (7,4) ; (4,5) ; (1,6) ; (9,7) ; (2,8) ; (6,9) ; (9,6)}
312:{(5,1) ; (7,2) ; (1,3) ; (4,4) ; (6,5) ; (9,6) ; (3,7) ; (10,8) ; (8,9) ; (9,8)}
313:{(5,1) ; (7,2) ; (1,3) ; (6,4) ; (8,5) ; (2,6) ; (4,7) ; (9,8) ; (3,9) ; (9,3)}
314:{(5,1) ; (7,2) ; (1,3) ; (10,4) ; (6,5) ; (9,6) ; (3,7) ; (8,8) ; (4,9) ; (9,4)}
315:{(5,1) ; (7,2) ; (2,3) ; (6,4) ; (8,5) ; (1,6) ; (4,7) ; (9,8) ; (3,9) ; (9,3)}
316:{(5,1) ; (7,2) ; (2,3) ; (10,4) ; (8,5) ; (1,6) ; (4,7) ; (9,8) ; (3,9) ; (9,3)}
317:{(5,1) ; (7,2) ; (2,3) ; (10,4) ; (8,5) ; (4,6) ; (1,7) ; (3,8) ; (9,9) ; (9,9)}
318:{(5,1) ; (7,2) ; (4,3) ; (1,4) ; (3,5) ; (8,6) ; (10,7) ; (2,8) ; (9,9) ; (9,9)}
319:{(5,1) ; (7,2) ; (4,3) ; (1,4) ; (8,5) ; (2,6) ; (9,7) ; (6,8) ; (3,9) ; (9,3)}
320:{(5,1) ; (7,2) ; (4,3) ; (1,4) ; (8,5) ; (6,6) ; (3,7) ; (10,8) ; (2,9) ; (9,2)}
321:{(5,1) ; (7,2) ; (4,3) ; (10,4) ; (3,5) ; (6,6) ; (9,7) ; (2,8) ; (8,9) ; (9,8)}
322:{(5,1) ; (7,2) ; (9,3) ; (1,4) ; (3,5) ; (8,6) ; (10,7) ; (2,8) ; (4,9) ; (9,4)}
323:{(5,1) ; (7,2) ; (9,3) ; (3,4) ; (6,5) ; (2,6) ; (10,7) ; (8,8) ; (1,9) ; (9,1)}
324:{(5,1) ; (7,2) ; (9,3) ; (3,4) ; (8,5) ; (2,6) ; (4,7) ; (6,8) ; (1,9) ; (9,1)}
325:{(5,1) ; (7,2) ; (9,3) ; (3,4) ; (8,5) ; (4,6) ; (1,7) ; (10,8) ; (2,9) ; (9,2)}
326:{(5,1) ; (7,2) ; (9,3) ; (4,4) ; (2,5) ; (8,6) ; (10,7) ; (3,8) ; (1,9) ; (9,1)}
327:{(5,1) ; (7,2) ; (9,3) ; (6,4) ; (3,5) ; (1,6) ; (10,7) ; (8,8) ; (2,9) ; (9,2)}
328:{(5,1) ; (7,2) ; (10,3) ; (4,4) ; (2,5) ; (9,6) ; (3,7) ; (6,8) ; (8,9) ; (9,8)}
329:{(5,1) ; (7,2) ; (10,3) ; (6,4) ; (3,5) ; (1,6) ; (8,7) ; (4,8) ; (2,9) ; (9,2)}
330:{(5,1) ; (8,2) ; (1,3) ; (3,4) ; (6,5) ; (9,6) ; (7,7) ; (10,8) ; (4,9) ; (9,4)}
331:{(5,1) ; (8,2) ; (1,3) ; (4,4) ; (6,5) ; (9,6) ; (2,7) ; (10,8) ; (3,9) ; (9,3)}
332:{(5,1) ; (8,2) ; (1,3) ; (9,4) ; (7,5) ; (2,6) ; (10,7) ; (3,8) ; (6,9) ; (9,6)}
333:{(5,1) ; (8,2) ; (2,3) ; (4,4) ; (10,5) ; (1,6) ; (9,7) ; (6,8) ; (3,9) ; (9,3)}
334:{(5,1) ; (8,2) ; (2,3) ; (4,4) ; (10,5) ; (7,6) ; (9,7) ; (6,8) ; (3,9) ; (9,3)}
335:{(5,1) ; (8,2) ; (2,3) ; (7,4) ; (3,5) ; (1,6) ; (9,7) ; (4,8) ; (6,9) ; (9,6)}
336:{(5,1) ; (8,2) ; (2,3) ; (7,4) ; (3,5) ; (6,6) ; (9,7) ; (1,8) ; (10,9) ; (9,10)}
337:{(5,1) ; (8,2) ; (2,3) ; (7,4) ; (10,5) ; (3,6) ; (1,7) ; (9,8) ; (4,9) ; (9,4)}
338:{(5,1) ; (8,2) ; (2,3) ; (9,4) ; (6,5) ; (3,6) ; (1,7) ; (4,8) ; (7,9) ; (9,7)}
339:{(5,1) ; (8,2) ; (4,3) ; (1,4) ; (3,5) ; (9,6) ; (7,7) ; (10,8) ; (2,9) ; (9,2)}
340:{(5,1) ; (8,2) ; (4,3) ; (1,4) ; (7,5) ; (2,6) ; (10,7) ; (6,8) ; (9,9) ; (9,9)}
341:{(5,1) ; (8,2) ; (4,3) ; (7,4) ; (10,5) ; (3,6) ; (1,7) ; (6,8) ; (9,9) ; (9,9)}
342:{(5,1) ; (8,2) ; (4,3) ; (9,4) ; (7,5) ; (3,6) ; (1,7) ; (6,8) ; (2,9) ; (9,2)}
343:{(5,1) ; (8,2) ; (6,3) ; (1,4) ; (3,5) ; (7,6) ; (9,7) ; (4,8) ; (2,9) ; (9,2)}
344:{(5,1) ; (8,2) ; (6,3) ; (3,4) ; (10,5) ; (2,6) ; (7,7) ; (9,8) ; (4,9) ; (9,4)}
345:{(5,1) ; (8,2) ; (6,3) ; (9,4) ; (3,5) ; (1,6) ; (4,7) ; (7,8) ; (10,9) ; (9,10)}
346:{(5,1) ; (8,2) ; (10,3) ; (1,4) ; (3,5) ; (6,6) ; (9,7) ; (7,8) ; (2,9) ; (9,2)}
347:{(5,1) ; (9,2) ; (1,3) ; (3,4) ; (7,5) ; (2,6) ; (10,7) ; (8,8) ; (6,9) ; (9,6)}
348:{(5,1) ; (9,2) ; (1,3) ; (4,4) ; (2,5) ; (8,6) ; (10,7) ; (7,8) ; (3,9) ; (9,3)}
349:{(5,1) ; (9,2) ; (1,3) ; (10,4) ; (4,5) ; (7,6) ; (3,7) ; (8,8) ; (6,9) ; (9,6)}
350:{(5,1) ; (9,2) ; (1,3) ; (10,4) ; (7,5) ; (3,6) ; (8,7) ; (2,8) ; (4,9) ; (9,4)}
351:{(5,1) ; (9,2) ; (2,3) ; (4,4) ; (8,5) ; (1,6) ; (3,7) ; (6,8) ; (10,9) ; (9,10)}
352:{(5,1) ; (9,2) ; (2,3) ; (6,4) ; (8,5) ; (3,6) ; (1,7) ; (4,8) ; (7,9) ; (9,7)}
353:{(5,1) ; (9,2) ; (2,3) ; (10,4) ; (3,5) ; (6,6) ; (8,7) ; (1,8) ; (4,9) ; (9,4)}
354:{(5,1) ; (9,2) ; (2,3) ; (10,4) ; (7,5) ; (4,6) ; (1,7) ; (8,8) ; (6,9) ; (9,6)}
355:{(5,1) ; (9,2) ; (4,3) ; (6,4) ; (10,5) ; (2,6) ; (7,7) ; (1,8) ; (3,9) ; (9,3)}
356:{(5,1) ; (10,2) ; (1,3) ; (6,4) ; (4,5) ; (2,6) ; (8,7) ; (3,8) ; (9,9) ; (9,9)}
357:{(5,1) ; (10,2) ; (4,3) ; (1,4) ; (3,5) ; (8,6) ; (2,7) ; (7,8) ; (9,9) ; (9,9)}
358:{(5,1) ; (10,2) ; (4,3) ; (1,4) ; (3,5) ; (9,6) ; (7,7) ; (2,8) ; (8,9) ; (9,8)}
359:{(5,1) ; (10,2) ; (4,3) ; (9,4) ; (3,5) ; (8,6) ; (2,7) ; (7,8) ; (1,9) ; (9,1)}
360:{(5,1) ; (10,2) ; (6,3) ; (4,4) ; (2,5) ; (7,6) ; (9,7) ; (3,8) ; (1,9) ; (9,1)}
361:{(5,1) ; (10,2) ; (6,3) ; (4,4) ; (2,5) ; (8,6) ; (3,7) ; (9,8) ; (7,9) ; (9,7)}
362:{(5,1) ; (10,2) ; (8,3) ; (1,4) ; (3,5) ; (9,6) ; (7,7) ; (2,8) ; (4,9) ; (9,4)}
363:{(6,1) ; (1,2) ; (3,3) ; (10,4) ; (8,5) ; (2,6) ; (4,7) ; (9,8) ; (7,9) ; (9,7)}
364:{(6,1) ; (1,2) ; (5,3) ; (7,4) ; (9,5) ; (3,6) ; (8,7) ; (2,8) ; (4,9) ; (9,4)}
365:{(6,1) ; (1,2) ; (5,3) ; (7,4) ; (9,5) ; (4,6) ; (2,7) ; (8,8) ; (10,9) ; (9,10)}
366:{(6,1) ; (1,2) ; (7,3) ; (2,4) ; (8,5) ; (3,6) ; (9,7) ; (4,8) ; (10,9) ; (9,10)}
367:{(6,1) ; (1,2) ; (7,3) ; (10,4) ; (8,5) ; (2,6) ; (4,7) ; (9,8) ; (3,9) ; (9,3)}
368:{(6,1) ; (1,2) ; (7,3) ; (10,4) ; (8,5) ; (3,6) ; (9,7) ; (4,8) ; (2,9) ; (9,2)}
369:{(6,1) ; (1,2) ; (10,3) ; (5,4) ; (7,5) ; (9,6) ; (3,7) ; (8,8) ; (2,9) ; (9,2)}
370:{(6,1) ; (2,2) ; (7,3) ; (5,4) ; (1,5) ; (9,6) ; (4,7) ; (10,8) ; (8,9) ; (9,8)}
371:{(6,1) ; (2,2) ; (9,3) ; (1,4) ; (4,5) ; (7,6) ; (10,7) ; (3,8) ; (5,9) ; (9,5)}
372:{(6,1) ; (2,2) ; (9,3) ; (1,4) ; (8,5) ; (5,6) ; (3,7) ; (10,8) ; (7,9) ; (9,7)}
373:{(6,1) ; (2,2) ; (9,3) ; (5,4) ; (3,5) ; (8,6) ; (10,7) ; (7,8) ; (4,9) ; (9,4)}
374:{(6,1) ; (2,2) ; (9,3) ; (7,4) ; (3,5) ; (10,6) ; (8,7) ; (5,8) ; (1,9) ; (9,1)}
375:{(6,1) ; (2,2) ; (10,3) ; (1,4) ; (4,5) ; (8,6) ; (3,7) ; (9,8) ; (7,9) ; (9,7)}
376:{(6,1) ; (2,2) ; (10,3) ; (1,4) ; (7,5) ; (4,6) ; (8,7) ; (3,8) ; (5,9) ; (9,5)}
377:{(6,1) ; (2,2) ; (10,3) ; (7,4) ; (9,5) ; (3,6) ; (1,7) ; (4,8) ; (8,9) ; (9,8)}
378:{(6,1) ; (2,2) ; (10,3) ; (8,4) ; (4,5) ; (9,6) ; (1,7) ; (3,8) ; (5,9) ; (9,5)}
379:{(6,1) ; (3,2) ; (1,3) ; (10,4) ; (8,5) ; (5,6) ; (2,7) ; (4,8) ; (9,9) ; (9,9)}
380:{(6,1) ; (3,2) ; (5,3) ; (2,4) ; (8,5) ; (10,6) ; (7,7) ; (4,8) ; (1,9) ; (9,1)}
381:{(6,1) ; (3,2) ; (5,3) ; (8,4) ; (1,5) ; (9,6) ; (4,7) ; (2,8) ; (7,9) ; (9,7)}
382:{(6,1) ; (3,2) ; (5,3) ; (10,4) ; (8,5) ; (4,6) ; (2,7) ; (7,8) ; (9,9) ; (9,9)}
383:{(6,1) ; (3,2) ; (7,3) ; (2,4) ; (4,5) ; (8,6) ; (10,7) ; (5,8) ; (9,9) ; (9,9)}
384:{(6,1) ; (3,2) ; (7,3) ; (4,4) ; (1,5) ; (8,6) ; (10,7) ; (5,8) ; (2,9) ; (9,2)}
385:{(6,1) ; (3,2) ; (7,3) ; (10,4) ; (4,5) ; (9,6) ; (1,7) ; (5,8) ; (2,9) ; (9,2)}
386:{(6,1) ; (3,2) ; (7,3) ; (10,4) ; (8,5) ; (2,6) ; (4,7) ; (1,8) ; (9,9) ; (9,9)}
387:{(6,1) ; (3,2) ; (9,3) ; (2,4) ; (5,5) ; (8,6) ; (10,7) ; (7,8) ; (4,9) ; (9,4)}
388:{(6,1) ; (3,2) ; (9,3) ; (4,4) ; (1,5) ; (8,6) ; (10,7) ; (2,8) ; (7,9) ; (9,7)}
389:{(6,1) ; (3,2) ; (9,3) ; (4,4) ; (8,5) ; (5,6) ; (2,7) ; (10,8) ; (1,9) ; (9,1)}
390:{(6,1) ; (3,2) ; (9,3) ; (4,4) ; (8,5) ; (10,6) ; (2,7) ; (7,8) ; (5,9) ; (9,5)}
391:{(6,1) ; (3,2) ; (9,3) ; (7,4) ; (1,5) ; (4,6) ; (2,7) ; (5,8) ; (8,9) ; (9,8)}
392:{(6,1) ; (3,2) ; (9,3) ; (7,4) ; (1,5) ; (10,6) ; (2,7) ; (5,8) ; (8,9) ; (9,8)}
393:{(6,1) ; (3,2) ; (10,3) ; (2,4) ; (4,5) ; (9,6) ; (1,7) ; (8,8) ; (5,9) ; (9,5)}
394:{(6,1) ; (3,2) ; (10,3) ; (7,4) ; (5,5) ; (2,6) ; (9,7) ; (1,8) ; (8,9) ; (9,8)}
395:{(6,1) ; (3,2) ; (10,3) ; (8,4) ; (5,5) ; (2,6) ; (4,7) ; (1,8) ; (7,9) ; (9,7)}
396:{(6,1) ; (4,2) ; (1,3) ; (5,4) ; (8,5) ; (10,6) ; (3,7) ; (7,8) ; (9,9) ; (9,9)}
397:{(6,1) ; (4,2) ; (1,3) ; (7,4) ; (9,5) ; (2,6) ; (8,7) ; (5,8) ; (3,9) ; (9,3)}
398:{(6,1) ; (4,2) ; (2,3) ; (5,4) ; (8,5) ; (10,6) ; (1,7) ; (3,8) ; (9,9) ; (9,9)}
399:{(6,1) ; (4,2) ; (2,3) ; (7,4) ; (9,5) ; (3,6) ; (1,7) ; (8,8) ; (10,9) ; (9,10)}
400:{(6,1) ; (4,2) ; (2,3) ; (8,4) ; (3,5) ; (7,6) ; (10,7) ; (1,8) ; (9,9) ; (9,9)}
401:{(6,1) ; (4,2) ; (2,3) ; (8,4) ; (3,5) ; (9,6) ; (7,7) ; (5,8) ; (10,9) ; (9,10)}
402:{(6,1) ; (4,2) ; (2,3) ; (8,4) ; (5,5) ; (9,6) ; (1,7) ; (3,8) ; (10,9) ; (9,10)}
403:{(6,1) ; (4,2) ; (2,3) ; (10,4) ; (8,5) ; (3,6) ; (1,7) ; (9,8) ; (7,9) ; (9,7)}
404:{(6,1) ; (4,2) ; (7,3) ; (1,4) ; (8,5) ; (5,6) ; (2,7) ; (9,8) ; (3,9) ; (9,3)}
405:{(6,1) ; (4,2) ; (7,3) ; (10,4) ; (3,5) ; (5,6) ; (8,7) ; (1,8) ; (9,9) ; (9,9)}
406:{(6,1) ; (4,2) ; (7,3) ; (10,4) ; (3,5) ; (9,6) ; (2,7) ; (5,8) ; (8,9) ; (9,8)}
407:{(6,1) ; (4,2) ; (7,3) ; (10,4) ; (8,5) ; (3,6) ; (1,7) ; (9,8) ; (2,9) ; (9,2)}
408:{(6,1) ; (4,2) ; (9,3) ; (1,4) ; (3,5) ; (7,6) ; (10,7) ; (8,8) ; (2,9) ; (9,2)}
409:{(6,1) ; (4,2) ; (9,3) ; (1,4) ; (3,5) ; (10,6) ; (7,7) ; (2,8) ; (8,9) ; (9,8)}
410:{(6,1) ; (4,2) ; (9,3) ; (5,4) ; (3,5) ; (10,6) ; (7,7) ; (2,8) ; (8,9) ; (9,8)}
411:{(6,1) ; (4,2) ; (10,3) ; (1,4) ; (5,5) ; (2,6) ; (8,7) ; (3,8) ; (7,9) ; (9,7)}
412:{(6,1) ; (4,2) ; (10,3) ; (5,4) ; (3,5) ; (9,6) ; (7,7) ; (2,8) ; (8,9) ; (9,8)}
413:{(6,1) ; (4,2) ; (10,3) ; (7,4) ; (5,5) ; (2,6) ; (8,7) ; (1,8) ; (3,9) ; (9,3)}
414:{(6,1) ; (8,2) ; (1,3) ; (4,4) ; (7,5) ; (10,6) ; (2,7) ; (9,8) ; (5,9) ; (9,5)}
415:{(6,1) ; (8,2) ; (1,3) ; (4,4) ; (9,5) ; (5,6) ; (2,7) ; (10,8) ; (3,9) ; (9,3)}
416:{(6,1) ; (8,2) ; (1,3) ; (5,4) ; (7,5) ; (2,6) ; (10,7) ; (3,8) ; (9,9) ; (9,9)}
417:{(6,1) ; (8,2) ; (1,3) ; (5,4) ; (9,5) ; (2,6) ; (4,7) ; (7,8) ; (3,9) ; (9,3)}
418:{(6,1) ; (8,2) ; (1,3) ; (7,4) ; (4,5) ; (2,6) ; (9,7) ; (5,8) ; (3,9) ; (9,3)}
419:{(6,1) ; (8,2) ; (2,3) ; (4,4) ; (1,5) ; (9,6) ; (5,7) ; (3,8) ; (10,9) ; (9,10)}
420:{(6,1) ; (8,2) ; (2,3) ; (4,4) ; (9,5) ; (7,6) ; (10,7) ; (1,8) ; (3,9) ; (9,3)}
421:{(6,1) ; (8,2) ; (2,3) ; (5,4) ; (1,5) ; (9,6) ; (4,7) ; (10,8) ; (7,9) ; (9,7)}
422:{(6,1) ; (8,2) ; (2,3) ; (5,4) ; (3,5) ; (9,6) ; (7,7) ; (10,8) ; (4,9) ; (9,4)}
423:{(6,1) ; (8,2) ; (2,3) ; (7,4) ; (1,5) ; (3,6) ; (5,7) ; (9,8) ; (4,9) ; (9,4)}
424:{(6,1) ; (8,2) ; (2,3) ; (7,4) ; (9,5) ; (3,6) ; (1,7) ; (4,8) ; (10,9) ; (9,10)}
425:{(6,1) ; (8,2) ; (3,3) ; (1,4) ; (9,5) ; (7,6) ; (10,7) ; (4,8) ; (2,9) ; (9,2)}
426:{(6,1) ; (8,2) ; (3,3) ; (5,4) ; (9,5) ; (2,6) ; (10,7) ; (7,8) ; (4,9) ; (9,4)}
427:{(6,1) ; (8,2) ; (3,3) ; (7,4) ; (4,5) ; (10,6) ; (1,7) ; (9,8) ; (5,9) ; (9,5)}
428:{(6,1) ; (8,2) ; (5,3) ; (1,4) ; (4,5) ; (7,6) ; (10,7) ; (3,8) ; (9,9) ; (9,9)}
429:{(6,1) ; (8,2) ; (5,3) ; (1,4) ; (4,5) ; (9,6) ; (7,7) ; (3,8) ; (10,9) ; (9,10)}
430:{(6,1) ; (8,2) ; (5,3) ; (2,4) ; (4,5) ; (10,6) ; (7,7) ; (9,8) ; (3,9) ; (9,3)}
431:{(6,1) ; (8,2) ; (5,3) ; (2,4) ; (9,5) ; (3,6) ; (10,7) ; (7,8) ; (4,9) ; (9,4)}
432:{(6,1) ; (8,2) ; (5,3) ; (2,4) ; (9,5) ; (7,6) ; (4,7) ; (1,8) ; (3,9) ; (9,3)}
433:{(6,1) ; (8,2) ; (10,3) ; (1,4) ; (4,5) ; (2,6) ; (7,7) ; (9,8) ; (3,9) ; (9,3)}
434:{(6,1) ; (8,2) ; (10,3) ; (2,4) ; (4,5) ; (9,6) ; (1,7) ; (3,8) ; (5,9) ; (9,5)}
435:{(6,1) ; (9,2) ; (1,3) ; (4,4) ; (7,5) ; (10,6) ; (8,7) ; (2,8) ; (5,9) ; (9,5)}
436:{(6,1) ; (9,2) ; (2,3) ; (10,4) ; (8,5) ; (3,6) ; (1,7) ; (4,8) ; (7,9) ; (9,7)}
437:{(6,1) ; (9,2) ; (3,3) ; (1,4) ; (4,5) ; (7,6) ; (10,7) ; (2,8) ; (5,9) ; (9,5)}
438:{(6,1) ; (9,2) ; (3,3) ; (1,4) ; (4,5) ; (8,6) ; (10,7) ; (2,8) ; (7,9) ; (9,7)}
439:{(6,1) ; (9,2) ; (3,3) ; (1,4) ; (8,5) ; (2,6) ; (5,7) ; (7,8) ; (10,9) ; (9,10)}
440:{(6,1) ; (9,2) ; (5,3) ; (1,4) ; (8,5) ; (4,6) ; (2,7) ; (7,8) ; (3,9) ; (9,3)}
441:{(6,1) ; (9,2) ; (5,3) ; (8,4) ; (1,5) ; (4,6) ; (2,7) ; (7,8) ; (10,9) ; (9,10)}
442:{(6,1) ; (9,2) ; (5,3) ; (10,4) ; (1,5) ; (4,6) ; (2,7) ; (8,8) ; (3,9) ; (9,3)}
443:{(6,1) ; (9,2) ; (7,3) ; (1,4) ; (4,5) ; (2,6) ; (5,7) ; (8,8) ; (10,9) ; (9,10)}
444:{(6,1) ; (9,2) ; (7,3) ; (1,4) ; (4,5) ; (2,6) ; (10,7) ; (8,8) ; (3,9) ; (9,3)}
445:{(6,1) ; (9,2) ; (7,3) ; (2,4) ; (8,5) ; (3,6) ; (1,7) ; (4,8) ; (10,9) ; (9,10)}
446:{(6,1) ; (10,2) ; (2,3) ; (5,4) ; (8,5) ; (4,6) ; (1,7) ; (3,8) ; (9,9) ; (9,9)}
447:{(6,1) ; (10,2) ; (2,3) ; (7,4) ; (5,5) ; (3,6) ; (1,7) ; (9,8) ; (4,9) ; (9,4)}
448:{(6,1) ; (10,2) ; (3,3) ; (1,4) ; (4,5) ; (7,6) ; (9,7) ; (2,8) ; (5,9) ; (9,5)}
449:{(6,1) ; (10,2) ; (3,3) ; (1,4) ; (8,5) ; (5,6) ; (2,7) ; (9,8) ; (7,9) ; (9,7)}
450:{(6,1) ; (10,2) ; (3,3) ; (5,4) ; (8,5) ; (2,6) ; (9,7) ; (7,8) ; (1,9) ; (9,1)}
451:{(6,1) ; (10,2) ; (3,3) ; (5,4) ; (9,5) ; (2,6) ; (4,7) ; (7,8) ; (1,9) ; (9,1)}
452:{(6,1) ; (10,2) ; (3,3) ; (7,4) ; (4,5) ; (2,6) ; (9,7) ; (5,8) ; (1,9) ; (9,1)}
453:{(6,1) ; (10,2) ; (5,3) ; (7,4) ; (1,5) ; (3,6) ; (8,7) ; (2,8) ; (4,9) ; (9,4)}
454:{(6,1) ; (10,2) ; (7,3) ; (2,4) ; (4,5) ; (9,6) ; (1,7) ; (8,8) ; (5,9) ; (9,5)}
455:{(7,1) ; (1,2) ; (3,3) ; (6,4) ; (8,5) ; (10,6) ; (4,7) ; (9,8) ; (5,9) ; (9,5)}
456:{(7,1) ; (1,2) ; (3,3) ; (6,4) ; (8,5) ; (10,6) ; (5,7) ; (9,8) ; (2,9) ; (9,2)}
457:{(7,1) ; (1,2) ; (4,3) ; (6,4) ; (9,5) ; (3,6) ; (10,7) ; (8,8) ; (2,9) ; (9,2)}
458:{(7,1) ; (1,2) ; (4,3) ; (9,4) ; (5,5) ; (8,6) ; (10,7) ; (3,8) ; (6,9) ; (9,6)}
459:{(7,1) ; (1,2) ; (6,3) ; (8,4) ; (2,5) ; (4,6) ; (9,7) ; (3,8) ; (5,9) ; (9,5)}
460:{(7,1) ; (1,2) ; (6,3) ; (9,4) ; (2,5) ; (4,6) ; (8,7) ; (3,8) ; (5,9) ; (9,5)}
461:{(7,1) ; (1,2) ; (8,3) ; (5,4) ; (2,5) ; (9,6) ; (3,7) ; (6,8) ; (4,9) ; (9,4)}
462:{(7,1) ; (1,2) ; (10,3) ; (2,4) ; (5,5) ; (8,6) ; (4,7) ; (9,8) ; (3,9) ; (9,3)}
463:{(7,1) ; (2,2) ; (4,3) ; (6,4) ; (9,5) ; (5,6) ; (10,7) ; (1,8) ; (3,9) ; (9,3)}
464:{(7,1) ; (2,2) ; (4,3) ; (8,4) ; (10,5) ; (5,6) ; (9,7) ; (6,8) ; (1,9) ; (9,1)}
465:{(7,1) ; (2,2) ; (6,3) ; (1,4) ; (10,5) ; (5,6) ; (3,7) ; (9,8) ; (4,9) ; (9,4)}
466:{(7,1) ; (2,2) ; (6,3) ; (3,4) ; (10,5) ; (8,6) ; (5,7) ; (9,8) ; (4,9) ; (9,4)}
467:{(7,1) ; (2,2) ; (6,3) ; (8,4) ; (10,5) ; (1,6) ; (4,7) ; (9,8) ; (5,9) ; (9,5)}
468:{(7,1) ; (2,2) ; (6,3) ; (9,4) ; (1,5) ; (10,6) ; (5,7) ; (3,8) ; (8,9) ; (9,8)}
469:{(7,1) ; (2,2) ; (8,3) ; (1,4) ; (9,5) ; (4,6) ; (6,7) ; (10,8) ; (3,9) ; (9,3)}
470:{(7,1) ; (2,2) ; (8,3) ; (3,4) ; (1,5) ; (10,6) ; (5,7) ; (9,8) ; (6,9) ; (9,6)}
471:{(7,1) ; (2,2) ; (8,3) ; (5,4) ; (9,5) ; (1,6) ; (10,7) ; (4,8) ; (6,9) ; (9,6)}
472:{(7,1) ; (2,2) ; (10,3) ; (6,4) ; (1,5) ; (9,6) ; (5,7) ; (3,8) ; (8,9) ; (9,8)}
473:{(7,1) ; (3,2) ; (1,3) ; (6,4) ; (9,5) ; (5,6) ; (10,7) ; (8,8) ; (4,9) ; (9,4)}
474:{(7,1) ; (3,2) ; (1,3) ; (8,4) ; (5,5) ; (9,6) ; (6,7) ; (10,8) ; (2,9) ; (9,2)}
475:{(7,1) ; (3,2) ; (6,3) ; (2,4) ; (10,5) ; (1,6) ; (4,7) ; (8,8) ; (5,9) ; (9,5)}
476:{(7,1) ; (3,2) ; (6,3) ; (2,4) ; (10,5) ; (1,6) ; (9,7) ; (5,8) ; (8,9) ; (9,8)}
477:{(7,1) ; (3,2) ; (6,3) ; (8,4) ; (1,5) ; (4,6) ; (9,7) ; (5,8) ; (2,9) ; (9,2)}
478:{(7,1) ; (3,2) ; (6,3) ; (8,4) ; (1,5) ; (5,6) ; (9,7) ; (2,8) ; (4,9) ; (9,4)}
479:{(7,1) ; (3,2) ; (6,3) ; (8,4) ; (10,5) ; (1,6) ; (4,7) ; (2,8) ; (5,9) ; (9,5)}
480:{(7,1) ; (3,2) ; (6,3) ; (8,4) ; (10,5) ; (1,6) ; (9,7) ; (5,8) ; (2,9) ; (9,2)}
481:{(7,1) ; (3,2) ; (6,3) ; (9,4) ; (1,5) ; (10,6) ; (4,7) ; (2,8) ; (8,9) ; (9,8)}
482:{(7,1) ; (3,2) ; (6,3) ; (9,4) ; (5,5) ; (1,6) ; (4,7) ; (10,8) ; (8,9) ; (9,8)}
483:{(7,1) ; (3,2) ; (8,3) ; (2,4) ; (4,5) ; (1,6) ; (10,7) ; (5,8) ; (9,9) ; (9,9)}
484:{(7,1) ; (3,2) ; (8,3) ; (2,4) ; (5,5) ; (1,6) ; (10,7) ; (4,8) ; (6,9) ; (9,6)}
485:{(7,1) ; (3,2) ; (8,3) ; (6,4) ; (1,5) ; (10,6) ; (2,7) ; (5,8) ; (9,9) ; (9,9)}
486:{(7,1) ; (3,2) ; (8,3) ; (6,4) ; (2,5) ; (9,6) ; (5,7) ; (1,8) ; (4,9) ; (9,4)}
487:{(7,1) ; (3,2) ; (8,3) ; (6,4) ; (2,5) ; (10,6) ; (5,7) ; (1,8) ; (4,9) ; (9,4)}
488:{(7,1) ; (3,2) ; (8,3) ; (6,4) ; (2,5) ; (10,6) ; (5,7) ; (1,8) ; (9,9) ; (9,9)}
489:{(7,1) ; (3,2) ; (8,3) ; (6,4) ; (4,5) ; (1,6) ; (10,7) ; (5,8) ; (9,9) ; (9,9)}
490:{(7,1) ; (3,2) ; (10,3) ; (2,4) ; (5,5) ; (9,6) ; (4,7) ; (1,8) ; (8,9) ; (9,8)}
491:{(7,1) ; (3,2) ; (10,3) ; (2,4) ; (9,5) ; (6,6) ; (4,7) ; (1,8) ; (8,9) ; (9,8)}
492:{(7,1) ; (3,2) ; (10,3) ; (6,4) ; (1,5) ; (9,6) ; (5,7) ; (8,8) ; (2,9) ; (9,2)}
493:{(7,1) ; (3,2) ; (10,3) ; (6,4) ; (2,5) ; (9,6) ; (5,7) ; (1,8) ; (8,9) ; (9,8)}
494:{(7,1) ; (4,2) ; (1,3) ; (8,4) ; (2,5) ; (9,6) ; (6,7) ; (3,8) ; (5,9) ; (9,5)}
495:{(7,1) ; (4,2) ; (1,3) ; (8,4) ; (6,5) ; (3,6) ; (10,7) ; (2,8) ; (5,9) ; (9,5)}
496:{(7,1) ; (4,2) ; (1,3) ; (8,4) ; (6,5) ; (3,6) ; (10,7) ; (2,8) ; (9,9) ; (9,9)}
497:{(7,1) ; (4,2) ; (1,3) ; (9,4) ; (6,5) ; (3,6) ; (10,7) ; (8,8) ; (5,9) ; (9,5)}
498:{(7,1) ; (4,2) ; (2,3) ; (5,4) ; (8,5) ; (10,6) ; (3,7) ; (6,8) ; (9,9) ; (9,9)}
499:{(7,1) ; (4,2) ; (2,3) ; (5,4) ; (9,5) ; (1,6) ; (10,7) ; (8,8) ; (6,9) ; (9,6)}
500:{(7,1) ; (4,2) ; (2,3) ; (5,4) ; (9,5) ; (6,6) ; (10,7) ; (3,8) ; (1,9) ; (9,1)}
501:{(7,1) ; (4,2) ; (2,3) ; (9,4) ; (5,5) ; (10,6) ; (8,7) ; (6,8) ; (3,9) ; (9,3)}
502:{(7,1) ; (4,2) ; (2,3) ; (9,4) ; (6,5) ; (3,6) ; (10,7) ; (8,8) ; (1,9) ; (9,1)}
503:{(7,1) ; (4,2) ; (6,3) ; (1,4) ; (9,5) ; (5,6) ; (3,7) ; (8,8) ; (10,9) ; (9,10)}
504:{(7,1) ; (4,2) ; (6,3) ; (8,4) ; (10,5) ; (1,6) ; (3,7) ; (5,8) ; (2,9) ; (9,2)}
505:{(7,1) ; (4,2) ; (8,3) ; (1,4) ; (5,5) ; (9,6) ; (2,7) ; (6,8) ; (10,9) ; (9,10)}
506:{(7,1) ; (4,2) ; (8,3) ; (1,4) ; (5,5) ; (10,6) ; (2,7) ; (6,8) ; (3,9) ; (9,3)}
507:{(7,1) ; (4,2) ; (8,3) ; (5,4) ; (9,5) ; (1,6) ; (10,7) ; (2,8) ; (6,9) ; (9,6)}
508:{(7,1) ; (4,2) ; (10,3) ; (5,4) ; (2,5) ; (9,6) ; (3,7) ; (6,8) ; (8,9) ; (9,8)}
509:{(7,1) ; (4,2) ; (10,3) ; (5,4) ; (9,5) ; (1,6) ; (3,7) ; (8,8) ; (6,9) ; (9,6)}
510:{(7,1) ; (5,2) ; (1,3) ; (6,4) ; (4,5) ; (10,6) ; (8,7) ; (3,8) ; (9,9) ; (9,9)}
511:{(7,1) ; (5,2) ; (1,3) ; (6,4) ; (9,5) ; (3,6) ; (8,7) ; (4,8) ; (2,9) ; (9,2)}
512:{(7,1) ; (5,2) ; (1,3) ; (8,4) ; (6,5) ; (3,6) ; (9,7) ; (2,8) ; (4,9) ; (9,4)}
513:{(7,1) ; (5,2) ; (1,3) ; (8,4) ; (10,5) ; (3,6) ; (6,7) ; (9,8) ; (2,9) ; (9,2)}
514:{(7,1) ; (5,2) ; (2,3) ; (6,4) ; (1,5) ; (10,6) ; (4,7) ; (9,8) ; (3,9) ; (9,3)}
515:{(7,1) ; (5,2) ; (2,3) ; (6,4) ; (1,5) ; (10,6) ; (8,7) ; (3,8) ; (9,9) ; (9,9)}
516:{(7,1) ; (5,2) ; (2,3) ; (8,4) ; (1,5) ; (3,6) ; (9,7) ; (6,8) ; (4,9) ; (9,4)}
517:{(7,1) ; (5,2) ; (2,3) ; (8,4) ; (1,5) ; (4,6) ; (9,7) ; (3,8) ; (6,9) ; (9,6)}
518:{(7,1) ; (5,2) ; (2,3) ; (8,4) ; (10,5) ; (3,6) ; (9,7) ; (6,8) ; (4,9) ; (9,4)}
519:{(7,1) ; (5,2) ; (3,3) ; (1,4) ; (9,5) ; (4,6) ; (2,7) ; (10,8) ; (8,9) ; (9,8)}
520:{(7,1) ; (5,2) ; (3,3) ; (1,4) ; (9,5) ; (4,6) ; (8,7) ; (10,8) ; (2,9) ; (9,2)}
521:{(7,1) ; (5,2) ; (3,3) ; (9,4) ; (6,5) ; (10,6) ; (2,7) ; (4,8) ; (1,9) ; (9,1)}
522:{(7,1) ; (5,2) ; (8,3) ; (1,4) ; (4,5) ; (6,6) ; (9,7) ; (2,8) ; (10,9) ; (9,10)}
523:{(7,1) ; (5,2) ; (8,3) ; (1,4) ; (4,5) ; (10,6) ; (3,7) ; (6,8) ; (9,9) ; (9,9)}
524:{(7,1) ; (5,2) ; (8,3) ; (1,4) ; (9,5) ; (4,6) ; (2,7) ; (10,8) ; (3,9) ; (9,3)}
525:{(7,1) ; (5,2) ; (8,3) ; (2,4) ; (9,5) ; (3,6) ; (6,7) ; (4,8) ; (1,9) ; (9,1)}
526:{(7,1) ; (5,2) ; (10,3) ; (1,4) ; (4,5) ; (6,6) ; (3,7) ; (9,8) ; (2,9) ; (9,2)}
527:{(7,1) ; (5,2) ; (10,3) ; (1,4) ; (6,5) ; (4,6) ; (2,7) ; (8,8) ; (3,9) ; (9,3)}
528:{(7,1) ; (5,2) ; (10,3) ; (2,4) ; (4,5) ; (8,6) ; (3,7) ; (9,8) ; (6,9) ; (9,6)}
529:{(7,1) ; (9,2) ; (1,3) ; (5,4) ; (2,5) ; (6,6) ; (3,7) ; (10,8) ; (8,9) ; (9,8)}
530:{(7,1) ; (9,2) ; (2,3) ; (5,4) ; (1,5) ; (4,6) ; (10,7) ; (8,8) ; (6,9) ; (9,6)}
531:{(7,1) ; (9,2) ; (2,3) ; (5,4) ; (8,5) ; (1,6) ; (3,7) ; (10,8) ; (6,9) ; (9,6)}
532:{(7,1) ; (9,2) ; (2,3) ; (6,4) ; (1,5) ; (3,6) ; (5,7) ; (8,8) ; (10,9) ; (9,10)}
533:{(7,1) ; (9,2) ; (3,3) ; (1,4) ; (4,5) ; (8,6) ; (5,7) ; (2,8) ; (10,9) ; (9,10)}
534:{(7,1) ; (9,2) ; (3,3) ; (1,4) ; (10,5) ; (8,6) ; (5,7) ; (2,8) ; (4,9) ; (9,4)}
535:{(7,1) ; (9,2) ; (3,3) ; (5,4) ; (2,5) ; (10,6) ; (6,7) ; (4,8) ; (1,9) ; (9,1)}
536:{(7,1) ; (9,2) ; (3,3) ; (6,4) ; (2,5) ; (10,6) ; (5,7) ; (1,8) ; (8,9) ; (9,8)}
537:{(7,1) ; (9,2) ; (3,3) ; (8,4) ; (2,5) ; (4,6) ; (6,7) ; (1,8) ; (10,9) ; (9,10)}
538:{(7,1) ; (9,2) ; (4,3) ; (1,4) ; (5,5) ; (10,6) ; (2,7) ; (6,8) ; (8,9) ; (9,8)}
539:{(7,1) ; (9,2) ; (4,3) ; (2,4) ; (5,5) ; (8,6) ; (10,7) ; (1,8) ; (3,9) ; (9,3)}
540:{(7,1) ; (9,2) ; (4,3) ; (6,4) ; (1,5) ; (10,6) ; (2,7) ; (5,8) ; (3,9) ; (9,3)}
541:{(7,1) ; (9,2) ; (6,3) ; (2,4) ; (10,5) ; (1,6) ; (3,7) ; (5,8) ; (8,9) ; (9,8)}
542:{(7,1) ; (9,2) ; (6,3) ; (3,4) ; (1,5) ; (8,6) ; (5,7) ; (2,8) ; (4,9) ; (9,4)}
543:{(7,1) ; (10,2) ; (3,3) ; (1,4) ; (9,5) ; (5,6) ; (8,7) ; (2,8) ; (4,9) ; (9,4)}
544:{(7,1) ; (10,2) ; (3,3) ; (5,4) ; (9,5) ; (1,6) ; (4,7) ; (2,8) ; (8,9) ; (9,8)}
545:{(7,1) ; (10,2) ; (4,3) ; (1,4) ; (5,5) ; (9,6) ; (2,7) ; (6,8) ; (8,9) ; (9,8)}
546:{(7,1) ; (10,2) ; (4,3) ; (2,4) ; (9,5) ; (3,6) ; (6,7) ; (8,8) ; (1,9) ; (9,1)}
547:{(7,1) ; (10,2) ; (6,3) ; (3,4) ; (1,5) ; (8,6) ; (4,7) ; (2,8) ; (9,9) ; (9,9)}
548:{(8,1) ; (1,2) ; (3,3) ; (6,4) ; (9,5) ; (7,6) ; (10,7) ; (4,8) ; (2,9) ; (9,2)}
549:{(8,1) ; (1,2) ; (3,3) ; (9,4) ; (7,5) ; (2,6) ; (4,7) ; (6,8) ; (10,9) ; (9,10)}
550:{(8,1) ; (1,2) ; (3,3) ; (10,4) ; (6,5) ; (9,6) ; (5,7) ; (2,8) ; (4,9) ; (9,4)}
551:{(8,1) ; (1,2) ; (4,3) ; (2,4) ; (10,5) ; (6,6) ; (9,7) ; (3,8) ; (5,9) ; (9,5)}
552:{(8,1) ; (1,2) ; (4,3) ; (6,4) ; (10,5) ; (2,6) ; (5,7) ; (3,8) ; (9,9) ; (9,9)}
553:{(8,1) ; (1,2) ; (4,3) ; (7,4) ; (9,5) ; (2,6) ; (5,7) ; (10,8) ; (6,9) ; (9,6)}
554:{(8,1) ; (1,2) ; (4,3) ; (7,4) ; (10,5) ; (6,6) ; (9,7) ; (2,8) ; (5,9) ; (9,5)}
555:{(8,1) ; (1,2) ; (4,3) ; (9,4) ; (7,5) ; (10,6) ; (3,7) ; (6,8) ; (2,9) ; (9,2)}
556:{(8,1) ; (1,2) ; (5,3) ; (9,4) ; (2,5) ; (4,6) ; (7,7) ; (3,8) ; (10,9) ; (9,10)}
557:{(8,1) ; (1,2) ; (5,3) ; (9,4) ; (2,5) ; (6,6) ; (10,7) ; (3,8) ; (7,9) ; (9,7)}
558:{(8,1) ; (1,2) ; (7,3) ; (2,4) ; (10,5) ; (6,6) ; (4,7) ; (9,8) ; (5,9) ; (9,5)}
559:{(8,1) ; (1,2) ; (7,3) ; (4,4) ; (2,5) ; (9,6) ; (5,7) ; (3,8) ; (10,9) ; (9,10)}
560:{(8,1) ; (1,2) ; (9,3) ; (2,4) ; (5,5) ; (7,6) ; (10,7) ; (3,8) ; (6,9) ; (9,6)}
561:{(8,1) ; (2,2) ; (5,3) ; (1,4) ; (9,5) ; (4,6) ; (10,7) ; (7,8) ; (3,9) ; (9,3)}
562:{(8,1) ; (2,2) ; (5,3) ; (3,4) ; (9,5) ; (7,6) ; (10,7) ; (4,8) ; (6,9) ; (9,6)}
563:{(8,1) ; (2,2) ; (9,3) ; (1,4) ; (6,5) ; (4,6) ; (10,7) ; (7,8) ; (5,9) ; (9,5)}
564:{(8,1) ; (2,2) ; (9,3) ; (3,4) ; (6,5) ; (4,6) ; (1,7) ; (10,8) ; (5,9) ; (9,5)}
565:{(8,1) ; (3,2) ; (1,3) ; (7,4) ; (2,5) ; (10,6) ; (6,7) ; (4,8) ; (9,9) ; (9,9)}
566:{(8,1) ; (3,2) ; (1,3) ; (10,4) ; (5,5) ; (9,6) ; (6,7) ; (4,8) ; (2,9) ; (9,2)}
567:{(8,1) ; (3,2) ; (5,3) ; (2,4) ; (9,5) ; (6,6) ; (10,7) ; (7,8) ; (4,9) ; (9,4)}
568:{(8,1) ; (3,2) ; (5,3) ; (2,4) ; (10,5) ; (1,6) ; (6,7) ; (4,8) ; (9,9) ; (9,9)}
569:{(8,1) ; (3,2) ; (5,3) ; (9,4) ; (1,5) ; (6,6) ; (10,7) ; (7,8) ; (2,9) ; (9,2)}
570:{(8,1) ; (3,2) ; (5,3) ; (9,4) ; (2,5) ; (6,6) ; (10,7) ; (7,8) ; (1,9) ; (9,1)}
571:{(8,1) ; (3,2) ; (5,3) ; (10,4) ; (1,5) ; (6,6) ; (4,7) ; (2,8) ; (7,9) ; (9,7)}
572:{(8,1) ; (3,2) ; (5,3) ; (10,4) ; (2,5) ; (9,6) ; (6,7) ; (4,8) ; (7,9) ; (9,7)}
573:{(8,1) ; (3,2) ; (7,3) ; (4,4) ; (2,5) ; (9,6) ; (6,7) ; (10,8) ; (5,9) ; (9,5)}
574:{(8,1) ; (3,2) ; (9,3) ; (4,4) ; (10,5) ; (1,6) ; (6,7) ; (2,8) ; (5,9) ; (9,5)}
575:{(8,1) ; (4,2) ; (1,3) ; (7,4) ; (2,5) ; (10,6) ; (6,7) ; (9,8) ; (3,9) ; (9,3)}
576:{(8,1) ; (4,2) ; (2,3) ; (7,4) ; (5,5) ; (10,6) ; (1,7) ; (9,8) ; (6,9) ; (9,6)}
577:{(8,1) ; (4,2) ; (2,3) ; (7,4) ; (10,5) ; (6,6) ; (1,7) ; (9,8) ; (5,9) ; (9,5)}
578:{(8,1) ; (4,2) ; (9,3) ; (1,4) ; (3,5) ; (5,6) ; (7,7) ; (2,8) ; (10,9) ; (9,10)}
579:{(8,1) ; (4,2) ; (9,3) ; (3,4) ; (5,5) ; (10,6) ; (1,7) ; (6,8) ; (2,9) ; (9,2)}
580:{(8,1) ; (4,2) ; (9,3) ; (7,4) ; (3,5) ; (1,6) ; (6,7) ; (2,8) ; (5,9) ; (9,5)}
581:{(8,1) ; (5,2) ; (1,3) ; (4,4) ; (9,5) ; (7,6) ; (3,7) ; (10,8) ; (6,9) ; (9,6)}
582:{(8,1) ; (5,2) ; (1,3) ; (6,4) ; (9,5) ; (2,6) ; (4,7) ; (7,8) ; (3,9) ; (9,3)}
583:{(8,1) ; (5,2) ; (1,3) ; (6,4) ; (9,5) ; (2,6) ; (4,7) ; (7,8) ; (10,9) ; (9,10)}
584:{(8,1) ; (5,2) ; (2,3) ; (4,4) ; (7,5) ; (10,6) ; (3,7) ; (9,8) ; (6,9) ; (9,6)}
585:{(8,1) ; (5,2) ; (2,3) ; (4,4) ; (9,5) ; (7,6) ; (3,7) ; (10,8) ; (6,9) ; (9,6)}
586:{(8,1) ; (5,2) ; (2,3) ; (4,4) ; (10,5) ; (7,6) ; (9,7) ; (6,8) ; (3,9) ; (9,3)}
587:{(8,1) ; (5,2) ; (2,3) ; (6,4) ; (3,5) ; (10,6) ; (7,7) ; (9,8) ; (4,9) ; (9,4)}
588:{(8,1) ; (5,2) ; (2,3) ; (9,4) ; (3,5) ; (10,6) ; (7,7) ; (4,8) ; (6,9) ; (9,6)}
589:{(8,1) ; (5,2) ; (2,3) ; (9,4) ; (7,5) ; (4,6) ; (1,7) ; (3,8) ; (6,9) ; (9,6)}
590:{(8,1) ; (5,2) ; (2,3) ; (9,4) ; (7,5) ; (4,6) ; (1,7) ; (3,8) ; (10,9) ; (9,10)}
591:{(8,1) ; (5,2) ; (2,3) ; (10,4) ; (1,5) ; (6,6) ; (4,7) ; (9,8) ; (7,9) ; (9,7)}
592:{(8,1) ; (5,2) ; (2,3) ; (10,4) ; (3,5) ; (7,6) ; (9,7) ; (4,8) ; (6,9) ; (9,6)}
593:{(8,1) ; (5,2) ; (2,3) ; (10,4) ; (7,5) ; (4,6) ; (1,7) ; (3,8) ; (9,9) ; (9,9)}
594:{(8,1) ; (5,2) ; (2,3) ; (10,4) ; (7,5) ; (4,6) ; (1,7) ; (9,8) ; (6,9) ; (9,6)}
595:{(8,1) ; (5,2) ; (3,3) ; (1,4) ; (7,5) ; (10,6) ; (6,7) ; (9,8) ; (2,9) ; (9,2)}
596:{(8,1) ; (5,2) ; (3,3) ; (1,4) ; (10,5) ; (2,6) ; (6,7) ; (9,8) ; (7,9) ; (9,7)}
597:{(8,1) ; (5,2) ; (3,3) ; (6,4) ; (10,5) ; (7,6) ; (1,7) ; (4,8) ; (2,9) ; (9,2)}
598:{(8,1) ; (5,2) ; (3,3) ; (10,4) ; (7,5) ; (4,6) ; (1,7) ; (9,8) ; (2,9) ; (9,2)}
599:{(8,1) ; (5,2) ; (7,3) ; (1,4) ; (10,5) ; (2,6) ; (6,7) ; (3,8) ; (9,9) ; (9,9)}
600:{(8,1) ; (5,2) ; (9,3) ; (1,4) ; (10,5) ; (2,6) ; (6,7) ; (3,8) ; (7,9) ; (9,7)}
601:{(8,1) ; (6,2) ; (1,3) ; (3,4) ; (7,5) ; (9,6) ; (4,7) ; (2,8) ; (5,9) ; (9,5)}
602:{(8,1) ; (6,2) ; (2,3) ; (7,4) ; (1,5) ; (4,6) ; (9,7) ; (5,8) ; (3,9) ; (9,3)}
603:{(8,1) ; (6,2) ; (2,3) ; (7,4) ; (5,5) ; (1,6) ; (9,7) ; (4,8) ; (10,9) ; (9,10)}
604:{(8,1) ; (6,2) ; (2,3) ; (7,4) ; (10,5) ; (1,6) ; (3,7) ; (5,8) ; (9,9) ; (9,9)}
605:{(8,1) ; (6,2) ; (2,3) ; (9,4) ; (1,5) ; (4,6) ; (7,7) ; (10,8) ; (3,9) ; (9,3)}
606:{(8,1) ; (6,2) ; (2,3) ; (10,4) ; (5,5) ; (1,6) ; (4,7) ; (9,8) ; (7,9) ; (9,7)}
607:{(8,1) ; (6,2) ; (3,3) ; (9,4) ; (2,5) ; (4,6) ; (10,7) ; (7,8) ; (5,9) ; (9,5)}
608:{(8,1) ; (6,2) ; (3,3) ; (10,4) ; (2,5) ; (7,6) ; (9,7) ; (4,8) ; (1,9) ; (9,1)}
609:{(8,1) ; (6,2) ; (4,3) ; (1,4) ; (7,5) ; (5,6) ; (10,7) ; (2,8) ; (9,9) ; (9,9)}
610:{(8,1) ; (6,2) ; (9,3) ; (2,4) ; (5,5) ; (1,6) ; (4,7) ; (7,8) ; (10,9) ; (9,10)}
611:{(8,1) ; (6,2) ; (9,3) ; (3,4) ; (1,5) ; (4,6) ; (7,7) ; (10,8) ; (2,9) ; (9,2)}
612:{(8,1) ; (10,2) ; (5,3) ; (2,4) ; (6,5) ; (1,6) ; (3,7) ; (7,8) ; (9,9) ; (9,9)}
613:{(9,1) ; (1,2) ; (3,3) ; (8,4) ; (6,5) ; (2,6) ; (10,7) ; (5,8) ; (7,9) ; (9,7)}
614:{(9,1) ; (1,2) ; (4,3) ; (7,4) ; (10,5) ; (8,6) ; (2,7) ; (5,8) ; (3,9) ; (9,3)}
615:{(9,1) ; (1,2) ; (8,3) ; (4,4) ; (2,5) ; (7,6) ; (10,7) ; (6,8) ; (3,9) ; (9,3)}
616:{(9,1) ; (2,2) ; (4,3) ; (1,4) ; (7,5) ; (10,6) ; (6,7) ; (3,8) ; (5,9) ; (9,5)}
617:{(9,1) ; (2,2) ; (4,3) ; (8,4) ; (1,5) ; (3,6) ; (6,7) ; (10,8) ; (7,9) ; (9,7)}
618:{(9,1) ; (2,2) ; (5,3) ; (3,4) ; (1,5) ; (10,6) ; (8,7) ; (6,8) ; (4,9) ; (9,4)}
619:{(9,1) ; (2,2) ; (5,3) ; (8,4) ; (1,5) ; (7,6) ; (10,7) ; (3,8) ; (6,9) ; (9,6)}
620:{(9,1) ; (2,2) ; (5,3) ; (10,4) ; (8,5) ; (1,6) ; (4,7) ; (7,8) ; (3,9) ; (9,3)}
621:{(9,1) ; (2,2) ; (6,3) ; (1,4) ; (10,5) ; (7,6) ; (5,7) ; (3,8) ; (8,9) ; (9,8)}
622:{(9,1) ; (2,2) ; (8,3) ; (1,4) ; (4,5) ; (7,6) ; (10,7) ; (6,8) ; (3,9) ; (9,3)}
623:{(9,1) ; (2,2) ; (8,3) ; (3,4) ; (1,5) ; (7,6) ; (5,7) ; (10,8) ; (6,9) ; (9,6)}
624:{(9,1) ; (2,2) ; (10,3) ; (3,4) ; (6,5) ; (8,6) ; (1,7) ; (4,8) ; (7,9) ; (9,7)}
625:{(9,1) ; (3,2) ; (1,3) ; (7,4) ; (10,5) ; (6,6) ; (2,7) ; (5,8) ; (8,9) ; (9,8)}
626:{(9,1) ; (3,2) ; (1,3) ; (8,4) ; (2,5) ; (5,6) ; (7,7) ; (10,8) ; (4,9) ; (9,4)}
627:{(9,1) ; (3,2) ; (5,3) ; (2,4) ; (8,5) ; (10,6) ; (7,7) ; (4,8) ; (6,9) ; (9,6)}
628:{(9,1) ; (3,2) ; (6,3) ; (2,4) ; (10,5) ; (5,6) ; (1,7) ; (8,8) ; (4,9) ; (9,4)}
629:{(9,1) ; (3,2) ; (8,3) ; (2,4) ; (4,5) ; (6,6) ; (1,7) ; (10,8) ; (5,9) ; (9,5)}
630:{(9,1) ; (4,2) ; (1,3) ; (5,4) ; (8,5) ; (10,6) ; (7,7) ; (3,8) ; (6,9) ; (9,6)}
631:{(9,1) ; (4,2) ; (1,3) ; (5,4) ; (10,5) ; (2,6) ; (6,7) ; (8,8) ; (3,9) ; (9,3)}
632:{(9,1) ; (4,2) ; (1,3) ; (7,4) ; (10,5) ; (3,6) ; (6,7) ; (8,8) ; (5,9) ; (9,5)}
633:{(9,1) ; (4,2) ; (2,3) ; (8,4) ; (3,5) ; (1,6) ; (7,7) ; (5,8) ; (10,9) ; (9,10)}
634:{(9,1) ; (4,2) ; (6,3) ; (3,4) ; (10,5) ; (7,6) ; (1,7) ; (8,8) ; (5,9) ; (9,5)}
635:{(9,1) ; (4,2) ; (6,3) ; (8,4) ; (2,5) ; (7,6) ; (1,7) ; (3,8) ; (5,9) ; (9,5)}
636:{(9,1) ; (5,2) ; (1,3) ; (8,4) ; (4,5) ; (2,6) ; (7,7) ; (10,8) ; (6,9) ; (9,6)}
637:{(9,1) ; (5,2) ; (2,3) ; (4,4) ; (1,5) ; (10,6) ; (8,7) ; (6,8) ; (3,9) ; (9,3)}
638:{(9,1) ; (5,2) ; (2,3) ; (10,4) ; (3,5) ; (6,6) ; (8,7) ; (1,8) ; (4,9) ; (9,4)}
639:{(9,1) ; (5,2) ; (3,3) ; (8,4) ; (4,5) ; (7,6) ; (1,7) ; (10,8) ; (2,9) ; (9,2)}
640:{(9,1) ; (5,2) ; (3,3) ; (8,4) ; (10,5) ; (2,6) ; (6,7) ; (1,8) ; (7,9) ; (9,7)}
641:{(9,1) ; (5,2) ; (8,3) ; (1,4) ; (3,5) ; (6,6) ; (2,7) ; (7,8) ; (10,9) ; (9,10)}
642:{(9,1) ; (5,2) ; (8,3) ; (4,4) ; (1,5) ; (3,6) ; (6,7) ; (10,8) ; (7,9) ; (9,7)}
643:{(9,1) ; (5,2) ; (8,3) ; (4,4) ; (1,5) ; (10,6) ; (2,7) ; (6,8) ; (3,9) ; (9,3)}
644:{(9,1) ; (6,2) ; (1,3) ; (3,4) ; (10,5) ; (7,6) ; (4,7) ; (8,8) ; (5,9) ; (9,5)}
645:{(9,1) ; (6,2) ; (2,3) ; (7,4) ; (1,5) ; (3,6) ; (5,7) ; (8,8) ; (10,9) ; (9,10)}
646:{(9,1) ; (6,2) ; (2,3) ; (10,4) ; (1,5) ; (7,6) ; (4,7) ; (8,8) ; (3,9) ; (9,3)}
647:{(9,1) ; (6,2) ; (3,3) ; (1,4) ; (8,5) ; (5,6) ; (2,7) ; (10,8) ; (7,9) ; (9,7)}
648:{(9,1) ; (6,2) ; (3,3) ; (5,4) ; (2,5) ; (8,6) ; (10,7) ; (4,8) ; (7,9) ; (9,7)}
649:{(9,1) ; (6,2) ; (3,3) ; (5,4) ; (2,5) ; (8,6) ; (10,7) ; (7,8) ; (4,9) ; (9,4)}
650:{(9,1) ; (6,2) ; (3,3) ; (5,4) ; (8,5) ; (1,6) ; (4,7) ; (10,8) ; (7,9) ; (9,7)}
651:{(9,1) ; (6,2) ; (3,3) ; (7,4) ; (4,5) ; (1,6) ; (8,7) ; (10,8) ; (5,9) ; (9,5)}
652:{(9,1) ; (6,2) ; (3,3) ; (10,4) ; (4,5) ; (1,6) ; (8,7) ; (5,8) ; (7,9) ; (9,7)}
653:{(9,1) ; (6,2) ; (4,3) ; (2,4) ; (7,5) ; (3,6) ; (10,7) ; (8,8) ; (5,9) ; (9,5)}
654:{(9,1) ; (6,2) ; (4,3) ; (7,4) ; (1,5) ; (8,6) ; (2,7) ; (5,8) ; (3,9) ; (9,3)}
655:{(9,1) ; (6,2) ; (4,3) ; (10,4) ; (1,5) ; (5,6) ; (2,7) ; (8,8) ; (3,9) ; (9,3)}
656:{(9,1) ; (7,2) ; (1,3) ; (4,4) ; (2,5) ; (5,6) ; (8,7) ; (10,8) ; (3,9) ; (9,3)}
657:{(9,1) ; (7,2) ; (2,3) ; (4,4) ; (6,5) ; (1,6) ; (10,7) ; (5,8) ; (3,9) ; (9,3)}
658:{(9,1) ; (7,2) ; (3,3) ; (1,4) ; (6,5) ; (2,6) ; (5,7) ; (10,8) ; (8,9) ; (9,8)}
659:{(9,1) ; (7,2) ; (3,3) ; (8,4) ; (2,5) ; (5,6) ; (1,7) ; (10,8) ; (4,9) ; (9,4)}
660:{(9,1) ; (7,2) ; (5,3) ; (3,4) ; (1,5) ; (10,6) ; (8,7) ; (6,8) ; (4,9) ; (9,4)}
661:{(10,1) ; (1,2) ; (4,3) ; (6,4) ; (3,5) ; (9,6) ; (2,7) ; (8,8) ; (5,9) ; (9,5)}
662:{(10,1) ; (1,2) ; (6,3) ; (4,4) ; (2,5) ; (8,6) ; (3,7) ; (9,8) ; (7,9) ; (9,7)}
663:{(10,1) ; (2,2) ; (4,3) ; (8,4) ; (3,5) ; (9,6) ; (6,7) ; (1,8) ; (5,9) ; (9,5)}
664:{(10,1) ; (2,2) ; (4,3) ; (9,4) ; (7,5) ; (3,6) ; (1,7) ; (6,8) ; (8,9) ; (9,8)}
665:{(10,1) ; (2,2) ; (5,3) ; (8,4) ; (1,5) ; (3,6) ; (6,7) ; (9,8) ; (7,9) ; (9,7)}
666:{(10,1) ; (2,2) ; (5,3) ; (9,4) ; (4,5) ; (1,6) ; (8,7) ; (6,8) ; (3,9) ; (9,3)}
667:{(10,1) ; (2,2) ; (6,3) ; (1,4) ; (3,5) ; (7,6) ; (9,7) ; (4,8) ; (8,9) ; (9,8)}
668:{(10,1) ; (3,2) ; (1,3) ; (4,4) ; (7,5) ; (9,6) ; (2,7) ; (5,8) ; (8,9) ; (9,8)}
669:{(10,1) ; (3,2) ; (5,3) ; (2,4) ; (8,5) ; (1,6) ; (7,7) ; (4,8) ; (6,9) ; (9,6)}
670:{(10,1) ; (3,2) ; (5,3) ; (8,4) ; (2,5) ; (9,6) ; (6,7) ; (1,8) ; (7,9) ; (9,7)}
671:{(10,1) ; (3,2) ; (5,3) ; (8,4) ; (2,5) ; (9,6) ; (7,7) ; (1,8) ; (4,9) ; (9,4)}
672:{(10,1) ; (3,2) ; (5,3) ; (9,4) ; (2,5) ; (4,6) ; (7,7) ; (1,8) ; (8,9) ; (9,8)}
673:{(10,1) ; (3,2) ; (5,3) ; (9,4) ; (4,5) ; (1,6) ; (7,7) ; (2,8) ; (6,9) ; (9,6)}
674:{(10,1) ; (3,2) ; (6,3) ; (9,4) ; (2,5) ; (8,6) ; (1,7) ; (4,8) ; (7,9) ; (9,7)}
675:{(10,1) ; (3,2) ; (7,3) ; (2,4) ; (4,5) ; (8,6) ; (1,7) ; (5,8) ; (9,9) ; (9,9)}
676:{(10,1) ; (3,2) ; (7,3) ; (4,4) ; (2,5) ; (9,6) ; (5,7) ; (1,8) ; (8,9) ; (9,8)}
677:{(10,1) ; (3,2) ; (7,3) ; (4,4) ; (2,5) ; (9,6) ; (6,7) ; (1,8) ; (5,9) ; (9,5)}
678:{(10,1) ; (3,2) ; (9,3) ; (2,4) ; (5,5) ; (8,6) ; (1,7) ; (7,8) ; (4,9) ; (9,4)}
679:{(10,1) ; (3,2) ; (9,3) ; (4,4) ; (1,5) ; (8,6) ; (6,7) ; (2,8) ; (7,9) ; (9,7)}
680:{(10,1) ; (3,2) ; (9,3) ; (4,4) ; (2,5) ; (8,6) ; (6,7) ; (1,8) ; (7,9) ; (9,7)}
681:{(10,1) ; (4,2) ; (1,3) ; (5,4) ; (9,5) ; (2,6) ; (6,7) ; (8,8) ; (3,9) ; (9,3)}
682:{(10,1) ; (4,2) ; (2,3) ; (5,4) ; (8,5) ; (1,6) ; (3,7) ; (6,8) ; (9,9) ; (9,9)}
683:{(10,1) ; (4,2) ; (2,3) ; (8,4) ; (3,5) ; (9,6) ; (7,7) ; (5,8) ; (1,9) ; (9,1)}
684:{(10,1) ; (4,2) ; (2,3) ; (9,4) ; (3,5) ; (6,6) ; (8,7) ; (1,8) ; (5,9) ; (9,5)}
685:{(10,1) ; (4,2) ; (2,3) ; (9,4) ; (5,5) ; (1,6) ; (8,7) ; (6,8) ; (3,9) ; (9,3)}
686:{(10,1) ; (4,2) ; (6,3) ; (3,4) ; (9,5) ; (2,6) ; (5,7) ; (8,8) ; (1,9) ; (9,1)}
687:{(10,1) ; (4,2) ; (6,3) ; (9,4) ; (3,5) ; (1,6) ; (8,7) ; (2,8) ; (5,9) ; (9,5)}
688:{(10,1) ; (4,2) ; (7,3) ; (1,4) ; (3,5) ; (9,6) ; (6,7) ; (8,8) ; (5,9) ; (9,5)}
689:{(10,1) ; (4,2) ; (7,3) ; (5,4) ; (2,5) ; (9,6) ; (1,7) ; (6,8) ; (8,9) ; (9,8)}
690:{(10,1) ; (4,2) ; (9,3) ; (5,4) ; (3,5) ; (1,6) ; (7,7) ; (2,8) ; (8,9) ; (9,8)}
691:{(10,1) ; (5,2) ; (1,3) ; (8,4) ; (4,5) ; (2,6) ; (7,7) ; (9,8) ; (6,9) ; (9,6)}
692:{(10,1) ; (5,2) ; (2,3) ; (4,4) ; (9,5) ; (7,6) ; (3,7) ; (1,8) ; (6,9) ; (9,6)}
693:{(10,1) ; (5,2) ; (2,3) ; (6,4) ; (1,5) ; (3,6) ; (7,7) ; (9,8) ; (4,9) ; (9,4)}
694:{(10,1) ; (5,2) ; (2,3) ; (8,4) ; (1,5) ; (4,6) ; (7,7) ; (9,8) ; (6,9) ; (9,6)}
695:{(10,1) ; (5,2) ; (2,3) ; (8,4) ; (3,5) ; (7,6) ; (9,7) ; (1,8) ; (6,9) ; (9,6)}
696:{(10,1) ; (5,2) ; (3,3) ; (1,4) ; (7,5) ; (2,6) ; (8,7) ; (6,8) ; (4,9) ; (9,4)}
697:{(10,1) ; (5,2) ; (3,3) ; (6,4) ; (9,5) ; (2,6) ; (8,7) ; (1,8) ; (4,9) ; (9,4)}
698:{(10,1) ; (5,2) ; (3,3) ; (8,4) ; (4,5) ; (2,6) ; (9,7) ; (6,8) ; (1,9) ; (9,1)}
699:{(10,1) ; (5,2) ; (3,3) ; (9,4) ; (4,5) ; (2,6) ; (8,7) ; (6,8) ; (1,9) ; (9,1)}
700:{(10,1) ; (5,2) ; (7,3) ; (1,4) ; (4,5) ; (2,6) ; (8,7) ; (6,8) ; (9,9) ; (9,9)}
701:{(10,1) ; (5,2) ; (7,3) ; (2,4) ; (4,5) ; (8,6) ; (1,7) ; (9,8) ; (6,9) ; (9,6)}
702:{(10,1) ; (5,2) ; (7,3) ; (4,4) ; (1,5) ; (3,6) ; (9,7) ; (6,8) ; (8,9) ; (9,8)}
703:{(10,1) ; (5,2) ; (7,3) ; (4,4) ; (1,5) ; (8,6) ; (2,7) ; (9,8) ; (6,9) ; (9,6)}
704:{(10,1) ; (6,2) ; (1,3) ; (5,4) ; (2,5) ; (9,6) ; (7,7) ; (4,8) ; (8,9) ; (9,8)}
705:{(10,1) ; (6,2) ; (3,3) ; (1,4) ; (4,5) ; (7,6) ; (9,7) ; (2,8) ; (5,9) ; (9,5)}
706:{(10,1) ; (6,2) ; (3,3) ; (1,4) ; (8,5) ; (4,6) ; (9,7) ; (7,8) ; (5,9) ; (9,5)}
707:{(10,1) ; (6,2) ; (3,3) ; (9,4) ; (4,5) ; (1,6) ; (8,7) ; (2,8) ; (5,9) ; (9,5)}
708:{(10,1) ; (6,2) ; (4,3) ; (1,4) ; (7,5) ; (9,6) ; (2,7) ; (8,8) ; (5,9) ; (9,5)}
709:{(10,1) ; (6,2) ; (4,3) ; (9,4) ; (1,5) ; (3,6) ; (7,7) ; (2,8) ; (8,9) ; (9,8)}
710:{(10,1) ; (7,2) ; (1,3) ; (4,4) ; (2,5) ; (8,6) ; (6,7) ; (9,8) ; (3,9) ; (9,3)}
711:{(10,1) ; (7,2) ; (2,3) ; (4,4) ; (1,5) ; (8,6) ; (5,7) ; (9,8) ; (6,9) ; (9,6)}
712:{(10,1) ; (7,2) ; (2,3) ; (4,4) ; (9,5) ; (1,6) ; (8,7) ; (5,8) ; (3,9) ; (9,3)}
713:{(10,1) ; (7,2) ; (2,3) ; (6,4) ; (3,5) ; (1,6) ; (8,7) ; (5,8) ; (9,9) ; (9,9)}
714:{(10,1) ; (7,2) ; (4,3) ; (1,4) ; (3,5) ; (6,6) ; (9,7) ; (2,8) ; (8,9) ; (9,8)}
715:{(10,1) ; (7,2) ; (4,3) ; (1,4) ; (3,5) ; (8,6) ; (6,7) ; (2,8) ; (9,9) ; (9,9)}
716:{(10,1) ; (7,2) ; (4,3) ; (1,4) ; (3,5) ; (9,6) ; (6,7) ; (8,8) ; (5,9) ; (9,5)}
717:{(10,1) ; (7,2) ; (4,3) ; (1,4) ; (5,5) ; (2,6) ; (9,7) ; (6,8) ; (8,9) ; (9,8)}
718:{(10,1) ; (7,2) ; (4,3) ; (1,4) ; (8,5) ; (2,6) ; (9,7) ; (6,8) ; (3,9) ; (9,3)}
719:{(10,1) ; (7,2) ; (4,3) ; (1,4) ; (9,5) ; (2,6) ; (6,7) ; (8,8) ; (3,9) ; (9,3)}
720:{(10,1) ; (7,2) ; (5,3) ; (2,4) ; (8,5) ; (1,6) ; (3,7) ; (9,8) ; (6,9) ; (9,6)}
721:{(10,1) ; (8,2) ; (2,3) ; (4,4) ; (1,5) ; (7,6) ; (9,7) ; (6,8) ; (3,9) ; (9,3)}
722:{(10,1) ; (8,2) ; (5,3) ; (2,4) ; (4,5) ; (1,6) ; (7,7) ; (9,8) ; (3,9) ; (9,3)}
723:{(10,1) ; (8,2) ; (5,3) ; (2,4) ; (4,5) ; (1,6) ; (7,7) ; (9,8) ; (6,9) ; (9,6)}
724:{(10,1) ; (8,2) ; (5,3) ; (3,4) ; (1,5) ; (6,6) ; (2,7) ; (9,8) ; (7,9) ; (9,7)}
